run|epoch|ts|datid|datname|numbackends|xact_commit|xact_rollback|blks_read|blks_hit|tup_returned|tup_fetched|tup_inserted|tup_updated|tup_deleted|conflicts|temp_files|temp_bytes|deadlocks|checksum_failures|checksum_last_failure|blk_read_time|blk_write_time|session_time|active_time|idle_in_transaction_time|sessions|sessions_abandoned|sessions_fatal|sessions_killed|stats_reset
1|1662808669.821195|2022-09-10 13:17:49.821195+02|16384|test|2|441680925|0|382905|1767117215|451922691|441872958|10001194|4|0|0|1|200417280|0|||0|0|28829511.675|7883002.383|9.433|1832|0|0|0|
1|1662808670.833734|2022-09-10 13:17:50.833734+02|16384|test|33|441705444|0|383312|1767535465|451994106|441923691|10025608|24418|0|0|1|200417280|0|||0|0|28842591.065|7891729.027|2530.599|1867|0|0|0|
2|1662808671.848687|2022-09-10 13:17:51.848687+02|16384|test|33|441803428|0|385318|1769087499|452257924|442120782|10123493|122303|0|0|1|200417280|0|||0|0|28893613.156|7925419.897|12980.713|1869|0|0|0|
3|1662808672.864594|2022-09-10 13:17:52.864594+02|16384|test|33|441867211|0|385992|1769972289|452411733|442248552|10187272|186082|0|0|1|200417280|0|||0|0|28925631.246|7946629.506|19465.636|1871|0|0|0|
4|1662808673.880566|2022-09-10 13:17:53.880566+02|16384|test|33|441920846|0|386524|1770672178|452534897|442356026|10240903|239713|0|0|1|200417280|0|||0|0|28957647.216|7968917.973|25311.356|1873|0|0|0|
5|1662808674.896433|2022-09-10 13:17:54.896433+02|16384|test|33|441986128|0|387160|1771486487|452679479|442486794|10306181|304991|0|0|1|200417280|0|||0|0|28989663.985|7989914.488|31922.551|1875|0|0|0|
6|1662808675.911782|2022-09-10 13:17:55.911782+02|16384|test|33|442052201|0|387733|1772278738|452821408|442619144|10372250|371060|0|0|1|200417280|0|||0|0|29021679.406|8010834.692|38569.167|1877|0|0|0|
7|1662808676.926910|2022-09-10 13:17:56.92691+02|16384|test|33|442118648|0|388476|1773056981|452961402|442752242|10438693|437503|0|0|1|200417280|0|||0|0|29053693.985|8031638.11|45300.412|1879|0|0|0|
8|1662808677.942568|2022-09-10 13:17:57.942568+02|16384|test|33|442185038|0|388920|1773819342|453099346|442885226|10505079|503889|0|0|1|200417280|0|||0|0|29085711.054|8052434.818|52045.513|1881|0|0|0|
9|1662808678.957086|2022-09-10 13:17:58.957086+02|16384|test|33|442234847|0|389349|1774375671|453198716|442981868|10554884|553694|0|0|1|200417280|0|||0|0|29117726.107|8075253.597|57570.519|1883|0|0|0|
10|1662808679.972473|2022-09-10 13:17:59.972473+02|16384|test|33|442302025|0|389633|1775143063|453339690|443119608|10622058|620868|0|0|1|200417280|0|||0|0|29149740.954|8095972.346|64346.309|1885|0|0|0|
11|1662808680.987046|2022-09-10 13:18:00.987046+02|16384|test|33|442368967|0|390145|1775894357|453476221|443253696|10688996|687806|0|0|1|200417280|0|||0|0|29181754.945|8116715.88|71121.702|1887|0|0|0|
12|1662808682.001610|2022-09-10 13:18:02.00161+02|16384|test|33|442435933|0|390449|1776641746|453612330|443387832|10755958|754768|0|0|1|200417280|0|||0|0|29213771.462|8137451.505|77896.498|1889|0|0|0|
13|1662808683.016196|2022-09-10 13:18:03.016196+02|16384|test|33|442502957|0|391249|1777388444|453748233|443522084|10822978|821788|0|0|1|200417280|0|||0|0|29245787.938|8158184.15|84672.844|1891|0|0|0|
14|1662808684.031331|2022-09-10 13:18:04.031331+02|16384|test|33|442556256|0|391249|1777967514|453852672|443625474|10874572|875083|0|0|1|200417280|0|||0|0|29277815.316|8180543.339|90506.888|1893|0|0|0|
15|1662808685.046468|2022-09-10 13:18:05.046468+02|16384|test|33|442620862|0|391735|1778696594|453986798|443758302|10940875|939685|0|0|1|200417280|0|||0|0|29309830.127|8201572.409|97115.583|1895|0|0|0|
16|1662808686.061926|2022-09-10 13:18:06.061926+02|16384|test|33|442688590|0|392143|1779447891|454123717|443893962|11008599|1007409|0|0|1|200417280|0|||0|0|29341846.066|8222132.484|104015.689|1897|0|0|0|
17|1662808687.077176|2022-09-10 13:18:07.077176+02|16384|test|33|442756364|0|392547|1780198872|454260674|444029714|11076369|1075179|0|0|1|200417280|0|||0|0|29373860.229|8242734.095|110876.093|1899|0|0|0|
18|1662808688.091857|2022-09-10 13:18:08.091857+02|16384|test|33|442824095|0|393113|1780949266|454397472|444165380|11144096|1142906|0|0|1|200417280|0|||0|0|29405875.88|8263399.221|117689.389|1901|0|0|0|
19|1662808689.107636|2022-09-10 13:18:09.107636+02|16384|test|33|442880907|0|393415|1781565659|454508662|444275666|11199175|1199714|0|0|1|200417280|0|||0|0|29437895.836|8285346.622|123758.681|1903|0|0|0|
20|1662808690.123115|2022-09-10 13:18:10.123115+02|16384|test|33|442942140|0|393797|1782255684|454635879|444401878|11262133|1260943|0|0|1|200417280|0|||0|0|29469911.609|8306912.058|130012.546|1905|0|0|0|
21|1662808691.138958|2022-09-10 13:18:11.138958+02|16384|test|33|443010249|0|394226|1783010138|454773359|444538300|11330238|1329048|0|0|1|200417280|0|||0|0|29501928.508|8327496.481|136879.612|1907|0|0|0|
22|1662808692.153785|2022-09-10 13:18:12.153785+02|16384|test|33|443078300|0|394812|1783763701|454910694|444674606|11398285|1397095|0|0|1|200417280|0|||0|0|29533943.105|8348151.744|143685.838|1909|0|0|0|
23|1662808693.169458|2022-09-10 13:18:13.169458+02|16384|test|33|443146050|0|395135|1784512995|455047433|444810310|11466031|1464841|0|0|1|200417280|0|||0|0|29565959.459|8368755.579|150545.763|1911|0|0|0|
24|1662808694.184311|2022-09-10 13:18:14.184311+02|16384|test|33|443204907|0|395497|1785152836|455162455|444924496|11524884|1523694|0|0|1|200417280|0|||0|0|29597989.174|8390498.139|156753.124|1913|0|0|0|
25|1662808695.200012|2022-09-10 13:18:15.200012+02|16384|test|33|443272523|0|395799|1785888513|455298422|445059468|11590364|1589141|0|0|1|200417280|0|||0|0|29630057.072|8411176.562|163593.808|1915|0|0|0|
26|1662808696.215321|2022-09-10 13:18:16.215321+02|16384|test|33|443339943|0|396443|1786649505|455438686|445198708|11659912|1656615|0|0|1|200417280|0|||0|0|29662072.35|8431809.946|170443.96|1917|0|0|0|
27|1662808697.230765|2022-09-10 13:18:17.230765+02|16384|test|33|443407570|0|396687|1787405954|455575134|445334166|11727535|1726345|0|0|1|200417280|0|||0|0|29694089.301|8452341.029|177359.142|1919|0|0|0|
28|1662808698.245837|2022-09-10 13:18:18.245837+02|16384|test|33|443474842|0|397234|1788150509|455710825|445468914|11794803|1793613|0|0|1|200417280|0|||0|0|29726105.218|8472937.671|184236.832|1921|0|0|0|
29|1662808699.260824|2022-09-10 13:18:19.260824+02|16384|test|33|443537190|0|397717|1788840199|455836623|445593814|11857147|1855957|0|0|1|200417280|0|||0|0|29757852.336|8493749.101|190839.235|1923|0|0|0|
30|1662808700.275739|2022-09-10 13:18:20.275739+02|16384|test|33|443603746|0|398020|1789539476|455962687|445719012|11919614|1920446|0|0|1|200417280|0|||0|0|29790897.279|8515422.324|197677.907|1925|0|0|0|
31|1662808701.291164|2022-09-10 13:18:21.291164+02|16384|test|33|443671351|0|398404|1790311581|456103039|445858374|11991300|1990110|0|0|1|200417280|0|||0|0|29822913.24|8535945.349|204607.365|1927|0|0|0|
32|1662808702.305544|2022-09-10 13:18:22.305544+02|16384|test|33|443738656|0|398810|1791066782|456242978|445997358|12056530|2057411|0|0|1|200417280|0|||0|0|29854930.332|8556511.303|211516.701|1929|0|0|0|
33|1662808703.320850|2022-09-10 13:18:23.32085+02|16384|test|33|443805934|0|399398|1791813823|456378647|446132118|12125875|2124685|0|0|1|200417280|0|||0|0|29886946.206|8577141.722|218374.04|1931|0|0|0|
34|1662808704.336304|2022-09-10 13:18:24.336304+02|16384|test|33|443873456|0|399943|1792560977|456514876|446267366|12193393|2192203|0|0|1|200417280|0|||0|0|29918964.856|8597732.647|225260.388|1933|0|0|0|
35|1662808705.351776|2022-09-10 13:18:25.351776+02|16384|test|33|443933712|0|400285|1793227308|456636402|446388082|12253645|2252455|0|0|1|200417280|0|||0|0|29950979.917|8619107.981|231645.025|1935|0|0|0|
36|1662808706.366932|2022-09-10 13:18:26.366932+02|16384|test|33|443999298|0|400368|1793944007|456768710|446519458|12319227|2315908|0|0|1|200417280|0|||0|0|29981993.324|8639008.282|238333.423|1937|0|0|0|
37|1662808707.381880|2022-09-10 13:18:27.38188+02|16384|test|33|444068733|0|400893|1794720747|456908772|446658532|12388658|2387468|0|0|1|200417280|0|||0|0|30015008.639|8660290.911|245396.33|1939|0|0|0|
38|1662808708.396702|2022-09-10 13:18:28.396702+02|16384|test|33|444136006|0|401417|1795464956|457044425|446793282|12455927|2454737|0|0|1|200417280|0|||0|0|30047023.08|8680874.173|252290.076|1941|0|0|0|
39|1662808709.412038|2022-09-10 13:18:29.412038+02|16384|test|33|444203361|0|402064|1796210553|457180274|446928196|12523278|2522088|0|0|1|200417280|0|||0|0|30079037.183|8701464.809|259172.646|1943|0|0|0|
40|1662808710.426558|2022-09-10 13:18:30.426558+02|16384|test|33|444252373|0|402064|1796752416|457279174|447026424|12572286|2571096|0|0|1|200417280|0|||0|0|30110053.672|8723428.346|264635.971|1945|0|0|0|
41|1662808711.441116|2022-09-10 13:18:31.441116+02|16384|test|33|444321018|0|402668|1797511731|457417532|447163918|12640927|2639737|0|0|1|200417280|0|||0|0|30143072.201|8744758.456|271681.103|1947|0|0|0|
42|1662808712.456637|2022-09-10 13:18:32.456637+02|16384|test|33|444388522|0|402992|1798258307|457553654|447299130|12708427|2707237|0|0|1|200417280|0|||0|0|30175087.893|8765403.483|278521.313|1949|0|0|0|
43|1662808713.471454|2022-09-10 13:18:33.471454+02|16384|test|33|444453966|0|403497|1798982348|457685537|447430222|12773867|2772677|0|0|1|200417280|0|||0|0|30206101.222|8785353.825|285189.028|1951|0|0|0|
44|1662808714.486520|2022-09-10 13:18:34.48652+02|16384|test|33|444523510|0|403802|1799751456|457825751|447569514|12843407|2842217|0|0|1|200417280|0|||0|0|30239118.044|8806544.775|292312.658|1953|0|0|0|
45|1662808715.501086|2022-09-10 13:18:35.501086+02|16384|test|33|444574090|0|404146|1800311236|457927836|447670878|12893983|2892793|0|0|1|200417280|0|||0|0|30271132.881|8829287.126|297886.42|1955|0|0|0|
46|1662808716.516294|2022-09-10 13:18:36.516294+02|16384|test|33|444639687|0|404550|1801028265|458060079|447802276|12959576|2956262|0|0|1|200417280|0|||0|0|30302146.503|8849261.213|304527.204|1957|0|0|0|
47|1662808717.531976|2022-09-10 13:18:37.531976+02|16384|test|33|444709328|0|404974|1801807067|458200479|447941762|13029213|3028023|0|0|1|200417280|0|||0|0|30335161.493|8870501.482|311619.118|1959|0|0|0|
48|1662808718.547403|2022-09-10 13:18:38.547403+02|16384|test|33|444776779|0|405418|1802553166|458336474|448076868|13096660|3095470|0|0|1|200417280|0|||0|0|30367176.465|8891169.506|318432.159|1961|0|0|0|
49|1662808719.561668|2022-09-10 13:18:39.561668+02|16384|test|33|444844082|0|405902|1803297706|458472187|448211678|13163959|3162769|0|0|1|200417280|0|||0|0|30399193.722|8911872.476|325229.009|1963|0|0|0|
50|1662808720.576274|2022-09-10 13:18:40.576274+02|16384|test|33|444894425|0|406447|1803855310|458573725|448312568|13214298|3213108|0|0|1|200417280|0|||0|0|30431209.15|8934607.345|330802.328|1965|0|0|0|
51|1662808721.591332|2022-09-10 13:18:41.591332+02|16384|test|34|444961805|0|406789|1804600095|458709510|448447532|13281674|3280484|0|0|1|200417280|0|||0|0|30463226.884|8955217.605|337672.79|1967|0|0|0|
52|1662808722.607360|2022-09-10 13:18:42.60736+02|16384|test|34|445024945|0|407197|1805315596|458839833|448574388|13344810|3343620|0|0|1|200417280|0|||0|0|30494244.732|8975452.338|344130.908|1969|0|0|0|
53|1662808723.622798|2022-09-10 13:18:43.622798+02|16384|test|33|445092452|0|407541|1806159366|458977576|448710132|13412312|3411120|0|0|1|200417280|0|||0|0|30527261.171|8996980.603|351027.792|1971|0|0|0|
54|1662808724.637789|2022-09-10 13:18:44.637789+02|16384|test|33|445157254|0|407949|1806886318|459110023|448840219|13477110|3475918|0|0|1|200417280|0|||0|0|30558275.651|9016985.346|357651.617|1973|0|0|0|
55|1662808725.652163|2022-09-10 13:18:45.652163+02|16384|test|33|445209731|0|408233|1807467451|459215921|448945386|13529583|3528391|0|0|1|200417280|0|||0|0|30591300.193|9040367.345|363405.147|1975|0|0|0|
56|1662808726.666874|2022-09-10 13:18:46.666874+02|16384|test|33|445277102|0|408779|1808213258|459351776|449080332|13596950|3595758|0|0|1|200417280|0|||0|0|30623313.756|9061037.548|370215.452|1977|0|0|0|
57|1662808727.681753|2022-09-10 13:18:47.681753+02|16384|test|33|445344179|0|409167|1808955265|459487059|449214690|13664023|3662831|0|0|1|200417280|0|||0|0|30655331.932|9081661.046|377081.164|1979|0|0|0|
58|1662808728.696253|2022-09-10 13:18:48.696253+02|16384|test|33|445411613|0|409714|1809701543|459623014|449349762|13731453|3730261|0|0|1|200417280|0|||0|0|30687347.931|9102305.947|383919.928|1981|0|0|0|
59|1662808729.711561|2022-09-10 13:18:49.711561+02|16384|test|33|445476600|0|410057|1810420559|459754108|449479940|13796436|3795244|0|0|1|200417280|0|||0|0|30718362.5|9122284.252|390562.075|1983|0|0|0|
60|1662808730.725639|2022-09-10 13:18:50.725639+02|16384|test|33|445532637|0|410702|1811041572|459867138|449592218|13852469|3851277|0|0|1|200417280|0|||0|0|30751383.673|9145307.235|396575.609|1985|0|0|0|
61|1662808731.740499|2022-09-10 13:18:51.740499+02|16384|test|33|445596610|0|411044|1811749331|459996137|449720368|13916438|3915246|0|0|1|200417280|0|||0|0|30783397.909|9166371.42|403157.785|1987|0|0|0|
62|1662808732.756049|2022-09-10 13:18:52.756049+02|16384|test|33|445663743|0|411568|1812492994|460131635|449854838|13983567|3982375|0|0|1|200417280|0|||0|0|30815412.941|9187018.502|410000.837|1989|0|0|0|
63|1662808733.771715|2022-09-10 13:18:53.771715+02|16384|test|33|445728889|0|411569|1813213632|460263129|449985334|14048709|4047517|0|0|1|200417280|0|||0|0|30846428.489|9206995.7|416641.958|1991|0|0|0|
64|1662808734.786383|2022-09-10 13:18:54.786383+02|16384|test|33|445797967|0|411994|1813978925|460402516|450123694|14117783|4116591|0|0|1|200417280|0|||0|0|30879445.413|9228238.955|423745.548|1993|0|0|0|
65|1662808735.800578|2022-09-10 13:18:55.800578+02|16384|test|33|445855544|0|412500|1814617562|460518793|450239052|14175356|4174164|0|0|1|200417280|0|||0|0|30911466.254|9250072.613|429884.657|1995|0|0|0|
66|1662808736.815820|2022-09-10 13:18:56.81582+02|16384|test|33|445915814|0|412982|1815285808|460640570|450359796|14235622|4234430|0|0|1|200417280|0|||0|0|30943484.592|9271624.072|436184.482|1997|0|0|0|
67|1662808737.831613|2022-09-10 13:18:57.831613+02|16384|test|33|445982948|0|413514|1816009084|460771988|450490116|14302752|4299441|0|0|1|200417280|0|||0|0|30975501.063|9292302.165|443005.507|1999|0|0|0|
68|1662808738.847175|2022-09-10 13:18:58.847175+02|16384|test|33|446048412|0|413670|1816756537|460908566|450625400|14368212|4367020|0|0|1|200417280|0|||0|0|31006516.032|9312234.369|449675.37|2001|0|0|0|
69|1662808739.861752|2022-09-10 13:18:59.861752+02|16384|test|33|446115495|0|414137|1817501741|461044229|450759770|14435291|4434099|0|0|1|200417280|0|||0|0|31038532.066|9332859.115|456543.117|2003|0|0|0|
70|1662808740.876846|2022-09-10 13:19:00.876846+02|16384|test|33|446185820|0|414590|1818283818|461186634|450900624|14505612|4504420|0|0|1|200417280|0|||0|0|31075556.664|9357493.422|464040.782|2005|0|0|0|
71|1662808741.892504|2022-09-10 13:19:01.892504+02|16384|test|33|446302106|0|415280|1819576949|461422069|451133400|14621894|4620702|0|0|1|200417280|0|||0|0|31135578.853|9397556.321|476033.612|2007|0|0|0|
72|1662808742.908262|2022-09-10 13:19:02.908262+02|16384|test|33|446368922|0|415963|1820321583|461557578|451267236|14688706|4687514|0|0|1|200417280|0|||0|0|31167594.356|9418327.025|482785.816|2009|0|0|0|
73|1662808743.923977|2022-09-10 13:19:03.923977+02|16384|test|33|446433681|0|416535|1821043495|461688998|451396958|14753461|4752269|0|0|1|200417280|0|||0|0|31198610.964|9438390.162|489375.284|2011|0|0|0|
74|1662808744.939234|2022-09-10 13:19:04.939234+02|16384|test|33|446502447|0|416640|1821809907|461828647|451534694|14822223|4821031|0|0|1|200417280|0|||0|0|31231690.297|9459695.078|496451.612|2013|0|0|0|
75|1662808745.953283|2022-09-10 13:19:05.953283+02|16384|test|33|446553289|0|416955|1822377792|461932033|451636582|14873061|4871869|0|0|1|200417280|0|||0|0|31263705.621|9482576.003|501916.584|2015|0|0|0|
76|1662808746.968954|2022-09-10 13:19:06.968954+02|16384|test|33|446614378|0|417479|1823060314|462056312|451758964|14934146|4932954|0|0|1|200417280|0|||0|0|31295721.894|9504308.683|508092.335|2017|0|0|0|
77|1662808747.984380|2022-09-10 13:19:07.98438+02|16384|test|33|446675409|0|418000|1823743197|462180600|451881230|14995173|4993981|0|0|1|200417280|0|||0|0|31327736.57|9526178.782|514149.344|2019|0|0|0|
78|1662808748.999298|2022-09-10 13:19:08.999298+02|16384|test|33|446736263|0|418184|1824423975|462304596|452003142|15056023|5054831|0|0|1|200417280|0|||0|0|31359751.585|9548032.784|520226.728|2021|0|0|0|
79|1662808750.014510|2022-09-10 13:19:10.01451+02|16384|test|33|446796919|0|418727|1825103489|462428263|452124658|15116675|5115483|0|0|1|200417280|0|||0|0|31391769.711|9569917.779|526287.93|2023|0|0|0|
80|1662808751.029989|2022-09-10 13:19:11.029989+02|16384|test|33|446841646|0|418886|1825605159|462519679|452214316|15161398|5160206|0|0|1|200417280|0|||0|0|31423785.679|9593703.162|531248.911|2025|0|0|0|
81|1662808752.044986|2022-09-10 13:19:12.044986+02|16384|test|33|446902341|0|419400|1826287155|462643664|452335910|15222089|5220897|0|0|1|200417280|0|||0|0|31455803.853|9615553.772|537332.152|2027|0|0|0|
82|1662808753.059954|2022-09-10 13:19:13.059954+02|16384|test|33|446963223|0|419856|1826971622|462768152|452457878|15282967|5281775|0|0|1|200417280|0|||0|0|31487819.109|9637370.7|543442.197|2029|0|0|0|
83|1662808754.075558|2022-09-10 13:19:14.075558+02|16384|test|33|447021840|0|420130|1827618831|462884111|452571418|15341580|5340388|0|0|1|200417280|0|||0|0|31518834.056|9658540.661|549333.309|2031|0|0|0|
84|1662808755.091012|2022-09-10 13:19:15.091012+02|16384|test|33|447084590|0|420629|1828337736|463016684|452701020|15404326|5403134|0|0|1|200417280|0|||0|0|31551850.363|9681103.685|555584.27|2033|0|0|0|
85|1662808756.105547|2022-09-10 13:19:16.105547+02|16384|test|33|447134870|0|420985|1828904806|463119832|452801784|15454602|5453410|0|0|1|200417280|0|||0|0|31583867.503|9703954.32|561092.317|2035|0|0|0|
86|1662808757.116371|2022-09-10 13:19:17.116371+02|16384|test|33|447195939|0|421487|1829593829|463245146|452924126|15515667|5514475|0|0|1|200417280|0|||0|0|31615880.673|9725785.592|567181.496|2037|0|0|0|
87|1662808758.127027|2022-09-10 13:19:18.127027+02|16384|test|33|447257134|0|421769|1830284629|463370889|453046720|15576858|5575666|0|0|1|200417280|0|||0|0|31647893.916|9747580.721|573297.632|2039|0|0|0|
88|1662808759.137539|2022-09-10 13:19:19.137539+02|16384|test|33|447317822|0|422454|1830970986|463495626|453168300|15637542|5636350|0|0|1|200417280|0|||0|0|31679907.044|9769484.215|579340.102|2041|0|0|0|
89|1662808760.148027|2022-09-10 13:19:20.148027+02|16384|test|33|447378530|0|422879|1831655736|463620592|453289920|15696374|5697054|0|0|1|200417280|0|||0|0|31711920.07|9791378.412|585386.602|2043|0|0|0|
90|1662808761.159783|2022-09-10 13:19:21.159783+02|16384|test|33|447423417|0|423094|1832165725|463713093|453379898|15743129|5741937|0|0|1|200417280|0|||0|0|31743931.596|9815215.039|590302.177|2045|0|0|0|
91|1662808762.174795|2022-09-10 13:19:22.174795+02|16384|test|33|447484075|0|423400|1832852919|463838128|453501418|15803783|5802591|0|0|1|200417280|0|||0|0|31775947.994|9837066.6|596383.5|2047|0|0|0|
92|1662808763.190382|2022-09-10 13:19:23.190382+02|16384|test|33|447544306|0|423853|1833536259|463962392|453622084|15864010|5862818|0|0|1|200417280|0|||0|0|31807965.437|9858950.358|602453.597|2049|0|0|0|
93|1662808764.205317|2022-09-10 13:19:24.205317+02|16384|test|33|447605005|0|424308|1834213963|464083832|453739876|15924705|5923513|0|0|1|200417280|0|||0|0|31839980.339|9880862.908|608483.81|2051|0|0|0|
94|1662808765.219887|2022-09-10 13:19:25.219887+02|16384|test|33|447666023|0|424678|1834918772|464213855|453865926|15985719|5984527|0|0|1|200417280|0|||0|0|31871997.956|9902720.081|614558.008|2053|0|0|0|
95|1662808766.235571|2022-09-10 13:19:26.235571+02|16384|test|33|447710285|0|425015|1835422254|464305417|453954654|16029977|6028785|0|0|1|200417280|0|||0|0|31904015.637|9926786.929|619312.926|2055|0|0|0|
96|1662808767.251356|2022-09-10 13:19:27.251356+02|16384|test|33|447770756|0|425529|1836110715|464430493|454075800|16090444|6089252|0|0|1|200417280|0|||0|0|31936032.012|9948728.042|625327.892|2057|0|0|0|
97|1662808768.266671|2022-09-10 13:19:28.266671+02|16384|test|33|447829669|0|425941|1836781116|464552417|454193830|16149353|6148161|0|0|1|200417280|0|||0|0|31967046.988|9969963.602|631164.923|2059|0|0|0|
98|1662808769.281855|2022-09-10 13:19:29.281855+02|16384|test|33|447892132|0|426416|1837492670|464681713|454318960|16211812|6210620|0|0|1|200417280|0|||0|0|32000065.146|9992622.107|637338.356|2061|0|0|0|
99|1662808770.297220|2022-09-10 13:19:30.29722+02|16384|test|33|447953066|0|426773|1838186809|464807953|454441032|16272742|6271550|0|0|1|200417280|0|||0|0|32032085.823|10014471.033|643421.819|2063|0|0|0|
100|1662808771.312266|2022-09-10 13:19:31.312266+02|16384|test|33|448004957|0|427401|1838778520|464915496|454545018|16324629|6323437|0|0|1|200417280|0|||0|0|32064113.164|10037180.001|648969.351|2065|0|0|0|
101|1662808772.328059|2022-09-10 13:19:32.328059+02|16384|test|33|448061946|0|427546|1839425044|465033537|454659200|16379728|6380422|0|0|1|200417280|0|||0|0|32095128.46|10058594.549|654705.41|2067|0|0|0|
102|1662808773.343431|2022-09-10 13:19:33.343431+02|16384|test|33|448124252|0|428001|1840137770|465162700|454784016|16443916|6442724|0|0|1|200417280|0|||0|0|32128146.327|10081268.087|660881.079|2069|0|0|0|
103|1662808774.358973|2022-09-10 13:19:34.358973+02|16384|test|33|448184866|0|428490|1840829021|465288402|454905448|16504526|6503334|0|0|1|200417280|0|||0|0|32160162.473|10103204.406|666906.765|2071|0|0|0|
104|1662808775.373955|2022-09-10 13:19:35.373955+02|16384|test|33|448245673|0|428907|1841503080|465410626|455023466|16565329|6562257|0|0|1|200417280|0|||0|0|32192177.516|10125017.852|673023.016|2073|0|0|0|
105|1662808776.389267|2022-09-10 13:19:36.389267+02|16384|test|33|448293118|0|429179|1842063943|465513022|455122360|16612770|6611578|0|0|1|200417280|0|||0|0|32223206.114|10147555.637|678108.5|2075|0|0|0|
106|1662808777.404189|2022-09-10 13:19:37.404189+02|16384|test|33|448350039|0|429609|1842712762|465631073|455236406|16669687|6668495|0|0|1|200417280|0|||0|0|32256224.123|10170840.7|683924.554|2077|0|0|0|
107|1662808778.419745|2022-09-10 13:19:38.419745+02|16384|test|33|448410447|0|430138|1843401875|465756384|455357426|16730091|6728899|0|0|1|200417280|0|||0|0|32288242.026|10192814.45|689923.729|2079|0|0|0|
108|1662808779.435459|2022-09-10 13:19:39.435459+02|16384|test|33|448471394|0|430535|1844096012|465882704|455479524|16791034|6789842|0|0|1|200417280|0|||0|0|32320260.123|10214702.822|695971.974|2081|0|0|0|
109|1662808780.450630|2022-09-10 13:19:40.45063+02|16384|test|33|448532149|0|430968|1844787983|466008671|455601238|16851785|6850593|0|0|1|200417280|0|||0|0|32352276.693|10236611.63|702008.247|2083|0|0|0|
110|1662808781.466398|2022-09-10 13:19:41.466398+02|16384|test|34|448583486|0|431333|1845371366|466115131|455704116|16901471|6901926|0|0|1|200417280|0|||0|0|32383304.576|10258623.397|707396.652|2085|0|0|0|
111|1662808782.481104|2022-09-10 13:19:42.481104+02|16384|test|34|448633683|0|431866|1845958589|466221630|455805086|16953311|6952119|0|0|1|200417280|0|||0|0|32415319.619|10281817.867|712675.906|2087|0|0|0|
112|1662808783.496474|2022-09-10 13:19:43.496474+02|16384|test|33|448694041|0|432214|1846753057|466348160|455926538|17013658|7012476|0|0|1|200417280|0|||0|0|32448335.674|10304690.367|718732.223|2089|0|0|0|
113|1662808784.512360|2022-09-10 13:19:44.51236+02|16384|test|33|448753794|0|432828|1847446813|466474279|456046536|17073407|7072225|0|0|1|200417280|0|||0|0|32480351.042|10326678.584|724735.949|2091|0|0|0|
114|1662808785.527475|2022-09-10 13:19:45.527475+02|16384|test|33|448812111|0|433082|1848108653|466594898|456163374|17131720|7130538|0|0|1|200417280|0|||0|0|32511368.366|10347953.906|730559.055|2093|0|0|0|
115|1662808786.543018|2022-09-10 13:19:46.543018+02|16384|test|33|448874029|0|433465|1848811930|466722987|456287414|17193634|7192452|0|0|1|200417280|0|||0|0|32544397.499|10370624.165|736757.162|2095|0|0|0|
116|1662808787.558387|2022-09-10 13:19:47.558387+02|16384|test|33|448923757|0|433947|1849376430|466825831|456387074|17243358|7242176|0|0|1|200417280|0|||0|0|32576414.641|10393640.933|742142.673|2097|0|0|0|
117|1662808788.573084|2022-09-10 13:19:48.573084+02|16384|test|33|448984431|0|434316|1850064476|466951143|456508626|17304028|7302846|0|0|1|200417280|0|||0|0|32608430.34|10415563.728|748181.304|2099|0|0|0|
118|1662808789.588295|2022-09-10 13:19:49.588295+02|16384|test|33|449045200|0|434690|1850753067|467076576|456630368|17364793|7363611|0|0|1|200417280|0|||0|0|32640445.178|10437491.751|754206.287|2101|0|0|0|
119|1662808790.603406|2022-09-10 13:19:50.603406+02|16384|test|33|449105574|0|435350|1851436967|467201047|456751320|17425163|7423981|0|0|1|200417280|0|||0|0|32672462.125|10459528.574|760163.459|2103|0|0|0|
120|1662808791.616519|2022-09-10 13:19:51.616519+02|16384|test|33|449166017|0|435675|1852120937|467325791|456872410|17485602|7484420|0|0|1|200417280|0|||0|0|32704479.714|10481476.795|766185.831|2105|0|0|0|
121|1662808792.631732|2022-09-10 13:19:52.631732+02|16384|test|33|449209174|0|436121|1852609233|467414815|456958928|17528755|7527573|0|0|1|200417280|0|||0|0|32736496.419|10505641.429|770866.942|2107|0|0|0|
122|1662808793.647441|2022-09-10 13:19:53.647441+02|16384|test|33|449270005|0|436259|1853296491|467540127|457080794|17589582|7588400|0|0|1|200417280|0|||0|0|32768511.924|10527489.618|776951.381|2109|0|0|0|
123|1662808794.662440|2022-09-10 13:19:54.66244+02|16384|test|33|449330559|0|436692|1853980384|467664796|457202106|17650132|7648950|0|0|1|200417280|0|||0|0|32800526.912|10549371.502|783024.558|2111|0|0|0|
124|1662808795.677219|2022-09-10 13:19:55.677219+02|16384|test|33|449390807|0|437287|1854661887|467788817|457322806|17710376|7709194|0|0|1|200417280|0|||0|0|32832542.799|10571331.338|789047.865|2113|0|0|0|
125|1662808796.689171|2022-09-10 13:19:56.689171+02|16384|test|33|449450599|0|437676|1855335798|467911718|457442594|17770164|7768982|0|0|1|200417280|0|||0|0|32864555.709|10593213.362|795122.581|2115|0|0|0|
126|1662808797.704569|2022-09-10 13:19:57.704569+02|16384|test|33|449499933|0|438041|1855880783|468010000|457538376|17817998|7818312|0|0|1|200417280|0|||0|0|32899132.389|10618718.3|800551.641|2117|0|0|0|
127|1662808798.720147|2022-09-10 13:19:58.720147+02|16384|test|33|449562911|0|438428|1856597205|468142594|457667626|17878461|7881286|0|0|1|200417280|0|||0|0|32932259.201|10641346.663|806838.097|2119|0|0|0|
128|1662808799.735814|2022-09-10 13:19:59.735814+02|16384|test|33|449622048|0|438717|1857245970|468259867|457782044|17941601|7938397|0|0|1|200417280|0|||0|0|32963436.743|10662586.828|812797.559|2121|0|0|0|
129|1662808800.751450|2022-09-10 13:20:00.75145+02|16384|test|33|449689198|0|439117|1858021850|468401735|457920608|18008747|8007565|0|0|1|200417280|0|||0|0|32998864.756|10686777.811|819528.903|2123|0|0|0|
130|1662808801.766924|2022-09-10 13:20:01.766924+02|16384|test|33|449750457|0|439579|1858685613|468527288|458043330|18070002|8062931|0|0|1|200417280|0|||0|0|33031119.221|10708760.8|825686.471|2125|0|0|0|
131|1662808802.781850|2022-09-10 13:20:02.78185+02|16384|test|33|449802326|0|439923|1859262402|468630513|458144194|18121867|8115696|0|0|1|200417280|0|||0|0|33064177.851|10732320.259|831370.213|2127|0|0|0|
132|1662808803.797496|2022-09-10 13:20:03.797496+02|16384|test|33|449862504|0|440466|1859935782|468749349|458260332|18180183|8178936|0|0|1|200417280|0|||0|0|33096195.393|10754255.34|837413.302|2129|0|0|0|
133|1662808804.812482|2022-09-10 13:20:04.812482+02|16384|test|33|449923016|0|440811|1860647199|468880900|458389060|18242549|8241367|0|0|1|200417280|0|||0|0|33128211.625|10776113.019|843503.893|2131|0|0|0|
134|1662808805.827967|2022-09-10 13:20:05.827967+02|16384|test|33|449981319|0|441257|1861300829|469000182|458505870|18300848|8299666|0|0|1|200417280|0|||0|0|33159227.261|10797342.351|849367.232|2133|0|0|0|
135|1662808806.841978|2022-09-10 13:20:06.841978+02|16384|test|33|450043908|0|441707|1862002194|469128115|458631252|18363433|8362251|0|0|1|200417280|0|||0|0|33192243.187|10819880.889|855644.513|2135|0|0|0|
136|1662808807.852774|2022-09-10 13:20:07.852774+02|16384|test|33|450086188|0|442029|1862475629|469214573|458716016|18405709|8404527|0|0|1|200417280|0|||0|0|33223257.954|10843239.502|860230.276|2137|0|0|0|
137|1662808808.864514|2022-09-10 13:20:08.864514+02|16384|test|33|450146156|0|442530|1863146473|469337066|458836156|18465673|8464491|0|0|1|200417280|0|||0|0|33255272.066|10865243.886|866220.277|2139|0|0|0|
138|1662808809.879280|2022-09-10 13:20:09.87928+02|16384|test|33|450208707|0|442993|1863845465|469464733|458961462|18528220|8527038|0|0|1|200417280|0|||0|0|33288289.067|10887814.856|872472.173|2141|0|0|0|
139|1662808810.894443|2022-09-10 13:20:10.894443+02|16384|test|33|450269557|0|443041|1864525228|469588932|459083366|18589066|8587884|0|0|1|200417280|0|||0|0|33320306.204|10909634.236|878574.289|2143|0|0|0|
140|1662808811.909991|2022-09-10 13:20:11.909991+02|16384|test|33|450329997|0|443605|1865200381|469712165|459204450|18649502|8648320|0|0|1|200417280|0|||0|0|33352321.939|10931558.34|884613.294|2145|0|0|0|
141|1662808812.925243|2022-09-10 13:20:12.925243+02|16384|test|33|450380213|0|443890|1865760995|469814553|459305086|18699714|8698532|0|0|1|200417280|0|||0|0|33384339.354|10954437.087|890100.596|2147|0|0|0|
142|1662808813.940262|2022-09-10 13:20:13.940262+02|16384|test|33|450440985|0|444195|1866439412|469938447|459426834|18760482|8759300|0|0|1|200417280|0|||0|0|33416356.05|10976266.992|896210.134|2149|0|0|0|
143|1662808814.956246|2022-09-10 13:20:14.956246+02|16384|test|33|450501738|0|444819|1867117357|470062117|459548544|18821231|8820049|0|0|1|200417280|0|||0|0|33448372.099|10998112.785|902308.004|2151|0|0|0|
144|1662808815.971404|2022-09-10 13:20:15.971404+02|16384|test|33|450562915|0|445101|1867799030|470186687|459671102|18882404|8881222|0|0|1|200417280|0|||0|0|33480387.875|11019877.018|908454.604|2153|0|0|0|
145|1662808816.985992|2022-09-10 13:20:16.985992+02|16384|test|33|450620030|0|445465|1868433275|470302819|459785536|18937632|8938333|0|0|1|200417280|0|||0|0|33510405.735|11040295.471|914212.328|2155|0|0|0|
146|1662808818.000159|2022-09-10 13:20:18.000159+02|16384|test|33|450667715|0|445654|1868966619|470399846|459881110|18987196|8986014|0|0|1|200417280|0|||0|0|33544421.428|11065558.153|919476.943|2157|0|0|0|
147|1662808819.015639|2022-09-10 13:20:19.015639+02|16384|test|33|450728371|0|446136|1869641323|470523081|460002626|19047848|9046666|0|0|1|200417280|0|||0|0|33576436.543|11087357.218|925609.975|2159|0|0|0|
148|1662808820.031021|2022-09-10 13:20:20.031021+02|16384|test|33|450786501|0|446438|1870287950|470641247|460119090|19105974|9104792|0|0|1|200417280|0|||0|0|33607454.445|11108501.834|931532.751|2161|0|0|0|
149|1662808821.045907|2022-09-10 13:20:21.045907+02|16384|test|33|450849083|0|446849|1870984397|470768413|460244458|19168552|9167370|0|0|1|200417280|0|||0|0|33640471.949|11130972.083|937871.759|2163|0|0|0|
150|1662808822.060733|2022-09-10 13:20:22.060733+02|16384|test|33|450909676|0|447421|1871658813|470891447|460365848|19229141|9227959|0|0|1|200417280|0|||0|0|33672487.045|11152799.93|943987.99|2165|0|0|0|
151|1662808823.076744|2022-09-10 13:20:23.076744+02|16384|test|33|450959371|0|447804|1872209671|470992341|460465442|19277310|9277650|0|0|1|200417280|0|||0|0|33704504.144|11175769.915|949406.781|2167|0|0|0|
152|1662808824.091754|2022-09-10 13:20:24.091754+02|16384|test|33|451020392|0|448208|1872889509|471116214|460587688|19339849|9338667|0|0|1|200417280|0|||0|0|33736516.871|11197559.84|955539.981|2169|0|0|0|
153|1662808825.107258|2022-09-10 13:20:25.107258+02|16384|test|33|451081564|0|448359|1873566707|471240314|460710236|19399093|9399835|0|0|1|200417280|0|||0|0|33768534.297|11219294.439|961711.34|2171|0|0|0|
154|1662808826.122130|2022-09-10 13:20:26.12213+02|16384|test|33|451142395|0|448733|1874233104|471359900|460828360|19461844|9460662|0|0|1|200417280|0|||0|0|33800548.973|11241063.91|967868.101|2173|0|0|0|
155|1662808827.136498|2022-09-10 13:20:27.136498+02|16384|test|33|451202759|0|449409|1874915591|471486151|460953034|19522204|9521022|0|0|1|200417280|0|||0|0|33832565.272|11262924.086|973973.066|2175|0|0|0|
156|1662808828.151326|2022-09-10 13:20:28.151326+02|16384|test|33|451307347|0|449798|1876076254|471697993|461162414|19626788|9625606|0|0|1|200417280|0|||0|0|33896592.945|11308475.462|985098.093|2177|0|0|0|
157|1662808829.166959|2022-09-10 13:20:29.166959+02|16384|test|33|451368145|0|450223|1876750877|471821197|461284214|19687582|9686400|0|0|1|200417280|0|||0|0|33928608.841|11330279.009|991229.415|2179|0|0|0|
158|1662808830.181814|2022-09-10 13:20:30.181814+02|16384|test|33|451428521|0|450674|1877421368|471943623|461405170|19747954|9746772|0|0|1|200417280|0|||0|0|33960623.526|11352126.577|997337.431|2181|0|0|0|
159|1662808831.196552|2022-09-10 13:20:31.196552+02|16384|test|33|451489008|0|450985|1878092396|472066144|461526348|19808437|9807255|0|0|1|200417280|0|||0|0|33992641.095|11373928.916|1003473.944|2183|0|0|0|
160|1662808832.211528|2022-09-10 13:20:32.211528+02|16384|test|33|451489012|0|450985|1878092851|472066358|461526560|19808437|9807255|0|0|1|200417280|0|||0|0|33992649.48|11373932.27|1003473.944|2185|0|0|0|
161|1662808833.226051|2022-09-10 13:20:33.226051+02|16384|test|33|451604676|0|451918|1879362012|472296570|461754336|19922250|9922915|0|0|1|200417280|0|||0|0|34059013.273|11420277.871|1015453.566|2187|0|0|0|
162|1662808834.241498|2022-09-10 13:20:34.241498+02|16384|test|33|451665375|0|452143|1880048050|472423230|461879694|19984792|9983610|0|0|1|200417280|0|||0|0|34091026.167|11442078.638|1021588.13|2189|0|0|0|
163|1662808835.256822|2022-09-10 13:20:35.256822+02|16384|test|33|451725814|0|452493|1880706402|472541685|461996900|20045227|10044045|0|0|1|200417280|0|||0|0|34123042.182|11463916.885|1027704.905|2191|0|0|0|
164|1662808836.272055|2022-09-10 13:20:36.272055+02|16384|test|33|451784514|0|453002|1881357884|472660596|462114592|20103923|10102741|0|0|1|200417280|0|||0|0|34154056.692|11485017.761|1033663.52|2193|0|0|0|
165|1662808837.287404|2022-09-10 13:20:37.287404+02|16384|test|33|451839259|0|453369|1881959724|472771824|462224684|20158664|10155850|0|0|1|200417280|0|||0|0|34187093.893|11508460.813|1039426.237|2195|0|0|0|
166|1662808838.301745|2022-09-10 13:20:38.301745+02|16384|test|33|451889116|0|453736|1882522889|472876156|462327992|20208517|10205710|0|0|1|200417280|0|||0|0|34218108.129|11530821.648|1044604.132|2197|0|0|0|
167|1662808839.316855|2022-09-10 13:20:39.316855+02|16384|test|33|451951517|0|454046|1883221515|473002427|462452998|20270914|10269732|0|0|1|200417280|0|||0|0|34251124.077|11553379.474|1050875.807|2199|0|0|0|
168|1662808840.331883|2022-09-10 13:20:40.331883+02|16384|test|33|452012487|0|454430|1883887549|473125841|462575142|20330020|10328812|0|0|1|200417280|0|||0|0|34283142.177|11575225.812|1056969.393|2201|0|0|0|
169|1662808841.347157|2022-09-10 13:20:41.347157+02|16384|test|34|452072774|0|454775|1884565081|473247848|462695920|20392163|10390981|0|0|1|200417280|0|||0|0|34315159.93|11597144.939|1063016.309|2203|0|0|0|
170|1662808842.362079|2022-09-10 13:20:42.362079+02|16384|test|34|452127559|0|455320|1885158926|473355335|462802346|20443575|10445762|0|0|1|200417280|0|||0|0|34347328.859|11619801.818|1068674.368|2205|0|0|0|
171|1662808843.376774|2022-09-10 13:20:43.376774+02|16384|test|34|452174368|0|455782|1885672191|473447570|462893730|20492285|10492567|0|0|1|200417280|0|||0|0|34379739.537|11643901.051|1073663.969|2207|0|0|0|
172|1662808844.391907|2022-09-10 13:20:44.391907+02|16384|test|34|452237434|0|455782|1886376751|473580721|463025852|20552964|10553702|0|0|1|200417280|0|||0|0|34413309.858|11666782.399|1080077.168|2209|0|0|0|
173|1662808845.407487|2022-09-10 13:20:45.407487+02|16384|test|34|452294812|0|456210|1887012689|473692173|463137130|20614185|10613003|0|0|1|200417280|0|||0|0|34444329.481|11688189.309|1085821.088|2211|0|0|0|
174|1662808846.422341|2022-09-10 13:20:46.422341+02|16384|test|34|452354680|0|456574|1887670552|473812294|463257178|20672246|10671039|0|0|1|200417280|0|||0|0|34477348.649|11711018.11|1091954.038|2213|0|0|0|
175|1662808847.437607|2022-09-10 13:20:47.437607+02|16384|test|34|452412125|0|456978|1888347016|473932919|463376550|20731490|10730308|0|0|1|200417280|0|||0|0|34509387.177|11733035.55|1097962.679|2215|0|0|0|
176|1662808848.452064|2022-09-10 13:20:48.452064+02|16384|test|34|452453541|0|457242|1888811810|474016247|463459586|20772902|10771720|0|0|1|200417280|0|||0|0|34541402.917|11757485.456|1102507.113|2217|0|0|0|
177|1662808849.467755|2022-09-10 13:20:49.467755+02|16384|test|33|452511881|0|457545|1890123569|474134175|463573446|20831230|10828169|0|0|1|200417280|0|||0|0|34572959.889|11779124.853|1108462.506|2219|0|0|0|
178|1662808850.482860|2022-09-10 13:20:50.48286+02|16384|test|33|452578396|0|458090|1890897067|474272685|463710520|20897741|10896569|0|0|1|200417280|0|||0|0|34608129.57|11803090.704|1115194.457|2221|0|0|0|
179|1662808851.498865|2022-09-10 13:20:51.498865+02|16384|test|33|452636741|0|458533|1891555404|474390633|463827414|20956082|10954910|0|0|1|200417280|0|||0|0|34639489.276|11824491.063|1121181.061|2223|0|0|0|
180|1662808852.513264|2022-09-10 13:20:52.513264+02|16384|test|33|452699539|0|458978|1892249549|474517384|463953214|21014922|11015711|0|0|1|200417280|0|||0|0|34671757.587|11845973.792|1127676.482|2225|0|0|0|
181|1662808853.528594|2022-09-10 13:20:53.528594+02|16384|test|33|452750472|0|459064|1892817487|474620218|464055284|21067812|11065181|0|0|1|200417280|0|||0|0|34705775.066|11870960.263|1133091.137|2227|0|0|0|
182|1662808854.543986|2022-09-10 13:20:54.543986+02|16384|test|33|452810041|0|459508|1893474147|474736574|464170906|21129370|11124363|0|0|1|200417280|0|||0|0|34737790.465|11892945.842|1139110.424|2229|0|0|0|
183|1662808855.559108|2022-09-10 13:20:55.559108+02|16384|test|33|452870313|0|459814|1894174315|474861772|464295374|21187756|11188466|0|0|1|200417280|0|||0|0|34769808.619|11914863.679|1145166.745|2231|0|0|0|
184|1662808856.574889|2022-09-10 13:20:56.574889+02|16384|test|33|452931847|0|460278|1894850908|474981986|464414958|21249260|11249996|0|0|1|200417280|0|||0|0|34802824.6|11937494.683|1151408.667|2233|0|0|0|
185|1662808857.589697|2022-09-10 13:20:57.589697+02|16384|test|33|452991914|0|460562|1895533610|475106560|464538984|21311231|11310059|0|0|1|200417280|0|||0|0|34834842.216|11959399.304|1157475.507|2235|0|0|0|
186|1662808858.604150|2022-09-10 13:20:58.60415+02|16384|test|33|453033224|0|461246|1895994522|475189740|464621808|21352537|11351365|0|0|1|200417280|0|||0|0|34865859.694|11982712.311|1162163.019|2237|0|0|0|
187|1662808859.620065|2022-09-10 13:20:59.620065+02|16384|test|33|453092967|0|461246|1896645263|475306177|464737760|21410407|11411104|0|0|1|200417280|0|||0|0|34897875.88|12004629.86|1168231.304|2239|0|0|0|
188|1662808860.635813|2022-09-10 13:21:00.635813+02|16384|test|33|453153703|0|461652|1897331446|475432006|464863174|21471031|11471836|0|0|1|200417280|0|||0|0|34930085.892|12026632.467|1174362.246|2241|0|0|0|
189|1662808861.651522|2022-09-10 13:21:01.651522+02|16384|test|33|453220084|0|462035|1898035528|475557159|464987960|21537342|11536170|0|0|1|200417280|0|||0|0|34965577.226|12050799.545|1181176.94|2243|0|0|0|
190|1662808862.667316|2022-09-10 13:21:02.667316+02|16384|test|33|453286619|0|462437|1898808237|475699001|465129414|21605916|11604744|0|0|1|200417280|0|||0|0|35000991.918|12074957.724|1187943.531|2245|0|0|0|
191|1662808863.683790|2022-09-10 13:21:03.68379+02|16384|test|33|453336065|0|462783|1899347149|475795164|465225348|21655358|11654186|0|0|1|200417280|0|||0|0|35033008.458|12097902.539|1193405.306|2247|0|0|0|
192|1662808864.698569|2022-09-10 13:21:04.698569+02|16384|test|33|453395872|0|463410|1900020114|475918420|465348328|21715161|11713989|0|0|1|200417280|0|||0|0|35065022.201|12119867.264|1199444.378|2249|0|0|0|
193|1662808865.713823|2022-09-10 13:21:05.713823+02|16384|test|33|453456066|0|463774|1900677212|476039271|465468920|21773495|11772274|0|0|1|200417280|0|||0|0|35097050.199|12141751.857|1205536.897|2251|0|0|0|
194|1662808866.729247|2022-09-10 13:21:06.729247+02|16384|test|33|453516146|0|464198|1901352291|476159866|465589284|21835427|11834255|0|0|1|200417280|0|||0|0|35129210.634|12163785.855|1211616.295|2253|0|0|0|
195|1662808867.744199|2022-09-10 13:21:07.744199+02|16384|test|33|453572340|0|464460|1901966480|476272661|465701876|21891617|11888594|0|0|1|200417280|0|||0|0|35159226.539|12184359.217|1217291.97|2255|0|0|0|
196|1662808868.770446|2022-09-10 13:21:08.770446+02|16384|test|33|453617567|0|464564|1902466734|476360817|465789876|21936840|11935668|0|0|1|200417280|0|||0|0|35193242.015|12209950.194|1222379.21|2257|0|0|0|
197|1662808869.785374|2022-09-10 13:21:09.785374+02|16384|test|33|453677239|0|465250|1903135781|476483244|465912082|21996508|11995336|0|0|1|200417280|0|||0|0|35225257.589|12231966.087|1228377.083|2259|0|0|0|
198|1662808870.801228|2022-09-10 13:21:10.801228+02|16384|test|33|453736873|0|465532|1903792892|476602895|466031554|22054234|12054966|0|0|1|200417280|0|||0|0|35257012.784|12253706.653|1234382.329|2261|0|0|0|
199|1662808871.816788|2022-09-10 13:21:11.816788+02|16384|test|33|453801433|0|465835|1904506108|476732411|466160878|22118670|12119522|0|0|1|200417280|0|||0|0|35291378.185|12277174.551|1240930.686|2263|0|0|0|
200|1662808872.831679|2022-09-10 13:21:12.831679+02|16384|test|33|453864062|0|465998|1905179593|476858048|466286340|22179238|12178157|0|0|1|200417280|0|||0|0|35324858.287|12300032.954|1247321.934|2265|0|0|0|
201|1662808873.846901|2022-09-10 13:21:13.846901+02|16384|test|33|453915682|0|466479|1905769650|476961619|466389784|22234935|12233763|0|0|1|200417280|0|||0|0|35358037.696|12323945.196|1252869.62|2267|0|0|0|
202|1662808874.862319|2022-09-10 13:21:14.862319+02|16384|test|33|453975163|0|466841|1906424526|477080946|466508950|22292515|12293240|0|0|1|200417280|0|||0|0|35390053.254|12345936.277|1258887.463|2269|0|0|0|
203|1662808875.877575|2022-09-10 13:21:15.877575+02|16384|test|33|454036874|0|467285|1907096979|477201020|466628890|22356119|12354947|0|0|1|200417280|0|||0|0|35423070.963|12368600.022|1265095.702|2271|0|0|0|
204|1662808876.892595|2022-09-10 13:21:16.892595+02|16384|test|33|454096580|0|467729|1907767550|477324472|466752192|22415821|12414649|0|0|1|200417280|0|||0|0|35455086.812|12390543.013|1271151.888|2273|0|0|0|
205|1662808877.907971|2022-09-10 13:21:17.907971+02|16384|test|33|454156438|0|468011|1908428226|477444534|466872112|22475675|12474503|0|0|1|200417280|0|||0|0|35487104.923|12412476.312|1277207.515|2275|0|0|0|
206|1662808878.923336|2022-09-10 13:21:18.923336+02|16384|test|33|454196286|0|468253|1908868284|477524527|466952012|22515519|12514347|0|0|1|200417280|0|||0|0|35518118.915|12436144.365|1281617.131|2277|0|0|0|
207|1662808879.938900|2022-09-10 13:21:19.9389+02|16384|test|33|454253595|0|468640|1909501642|477639459|467066834|22572824|12571652|0|0|1|200417280|0|||0|0|35549133.949|12457479.612|1287427.279|2279|0|0|0|
208|1662808880.954407|2022-09-10 13:21:20.954407+02|16384|test|33|454320940|0|469106|1910245330|477774521|467201728|22640165|12638993|0|0|1|200417280|0|||0|0|35584931.024|12481811.492|1294339.285|2281|0|0|0|
209|1662808881.970110|2022-09-10 13:21:21.97011+02|16384|test|33|454385642|0|469612|1910960045|477904270|467331336|22704863|12703691|0|0|1|200417280|0|||0|0|35619376.819|12505274.378|1300955.574|2283|0|0|0|
210|1662808882.985161|2022-09-10 13:21:22.985161+02|16384|test|33|454385646|0|469612|1910960500|477904484|467331548|22704863|12703691|0|0|1|200417280|0|||0|0|35619385.262|12505277.832|1300955.574|2285|0|0|0|
211|1662808883.997198|2022-09-10 13:21:23.997198+02|16384|test|33|454446303|0|469976|1911614179|478022134|467449092|22761544|12764344|0|0|1|200417280|0|||0|0|35651571.205|12527180.666|1307142.061|2287|0|0|0|
212|1662808885.012605|2022-09-10 13:21:25.012605+02|16384|test|33|454494985|0|470259|1912160460|478123778|467550634|22812711|12811521|0|0|1|200417280|0|||0|0|35683734.583|12550425.904|1312493.45|2289|0|0|0|
213|1662808886.027239|2022-09-10 13:21:26.027239+02|16384|test|33|454554439|0|470564|1912812938|478239177|467665914|22873644|12872472|0|0|1|200417280|0|||0|0|35715752.38|12572376.758|1318546.002|2291|0|0|0|
214|1662808887.043090|2022-09-10 13:21:27.04309+02|16384|test|33|454677767|0|471522|1914186162|478490138|467916606|22996968|12995796|0|0|1|200417280|0|||0|0|35781776.239|12617630.739|1331033.982|2293|0|0|0|
215|1662808888.058168|2022-09-10 13:21:28.058168+02|16384|test|33|454737710|0|471805|1914847742|478610353|468036696|23056907|13055735|0|0|1|200417280|0|||0|0|35813789.952|12639543.22|1337097.532|2295|0|0|0|
216|1662808889.073407|2022-09-10 13:21:29.073407+02|16384|test|33|454779355|0|472068|1915307614|478693928|468120190|23098548|13097376|0|0|1|200417280|0|||0|0|35845805.423|12663802.558|1341726.13|2297|0|0|0|
217|1662808890.088408|2022-09-10 13:21:30.088408+02|16384|test|33|454837348|0|472452|1915929355|478806458|468232608|23156537|13153514|0|0|1|200417280|0|||0|0|35876823.589|12685050.209|1347602.501|2299|0|0|0|
218|1662808891.103298|2022-09-10 13:21:31.103298+02|16384|test|33|454895310|0|472876|1916544648|478914600|468340630|23214495|13211350|0|0|1|200417280|0|||0|0|35907653.86|12706151.146|1353446.766|2301|0|0|0|
219|1662808892.118053|2022-09-10 13:21:32.118053+02|16384|test|33|454895314|0|472876|1916545103|478914814|468340842|23214495|13211350|0|0|1|200417280|0|||0|0|35907661.975|12706154.557|1353446.766|2303|0|0|0|
220|1662808893.130006|2022-09-10 13:21:33.130006+02|16384|test|33|454965960|0|473382|1917326212|479060264|468486162|23283078|13279918|0|0|1|200417280|0|||0|0|35945392.072|12731933.755|1360633.766|2305|0|0|0|
221|1662808894.145791|2022-09-10 13:21:34.145791+02|16384|test|33|455026612|0|473783|1918009609|479181823|468607592|23341697|13344613|0|0|1|200417280|0|||0|0|35977624.294|12753985.255|1366741.162|2307|0|0|0|
222|1662808895.161229|2022-09-10 13:21:35.161229+02|16384|test|33|455081071|0|473926|1918633076|479299194|468724846|23400240|13397539|0|0|1|200417280|0|||0|0|36012858.672|12779305.412|1372707.613|2309|0|0|0|
223|1662808896.176734|2022-09-10 13:21:36.176734+02|16384|test|33|455140956|0|474391|1919300826|479419285|468844820|23460121|13458949|0|0|1|200417280|0|||0|0|36044875.617|12801191.411|1378801.432|2311|0|0|0|
224|1662808897.192167|2022-09-10 13:21:37.192167+02|16384|test|33|455197050|0|474795|1919906932|479527976|468953404|23514325|13515039|0|0|1|200417280|0|||0|0|36074889.106|12821727.971|1384492.597|2313|0|0|0|
225|1662808898.206659|2022-09-10 13:21:38.206659+02|16384|test|33|455260630|0|475178|1920612635|479659275|469084576|23577921|13576740|0|0|1|200417280|0|||0|0|36108902.928|12845073.644|1390897.355|2315|0|0|0|
226|1662808899.221513|2022-09-10 13:21:39.221513+02|16384|test|33|455320533|0|475462|1921283463|479779422|469204586|23639686|13638514|0|0|1|200417280|0|||0|0|36140915.409|12866998.706|1396956.008|2317|0|0|0|
227|1662808900.235486|2022-09-10 13:21:40.235486+02|16384|test|33|455360675|0|476006|1921716852|479857394|469282482|23677195|13678652|0|0|1|200417280|0|||0|0|36171928.342|12890463.195|1401490.967|2319|0|0|0|
228|1662808901.247563|2022-09-10 13:21:41.247563+02|16384|test|34|455422134|0|476268|1922375739|479975763|469400734|23741279|13738251|0|0|1|200417280|0|||0|0|36204943.283|12913069.406|1407752.677|2321|0|0|0|
229|1662808902.261156|2022-09-10 13:21:42.261156+02|16384|test|34|455483606|0|476630|1923069146|480106738|469531344|23802747|13797521|0|0|1|200417280|0|||0|0|36237725.81|12935482.286|1413993.859|2323|0|0|0|
230|1662808903.273820|2022-09-10 13:21:43.27382+02|16384|test|33|455546799|0|477057|1923870601|480232449|469654819|23864065|13862871|0|0|1|200417280|0|||0|0|36272253.15|12959347.489|1420379.549|2325|0|0|0|
231|1662808904.289700|2022-09-10 13:21:44.2897+02|16384|test|33|455605716|0|477463|1924552165|480357715|469777142|23924842|13921794|0|0|1|200417280|0|||0|0|36304427.925|12981550.862|1426347.463|2327|0|0|0|
232|1662808905.305313|2022-09-10 13:21:45.305313+02|16384|test|33|455654050|0|478006|1925072918|480451928|469871128|23971718|13969071|0|0|1|200417280|0|||0|0|36336483.231|13004833.869|1431601.192|2329|0|0|0|
233|1662808906.320972|2022-09-10 13:21:46.320972+02|16384|test|33|455711903|0|478007|1925701112|480563371|469982422|24029158|14027967|0|0|1|200417280|0|||0|0|36367500.167|13026065.888|1437481.975|2331|0|0|0|
234|1662808907.335817|2022-09-10 13:21:47.335817+02|16384|test|33|455775125|0|478413|1926431526|480697717|470116594|24094239|14093077|0|0|1|200417280|0|||0|0|36401514.656|13049442.63|1443865.278|2333|0|0|0|
235|1662808908.350753|2022-09-10 13:21:48.350753+02|16384|test|33|455830897|0|478856|1927034607|480805886|470224632|24148182|14148845|0|0|1|200417280|0|||0|0|36431528.437|13070007.456|1449560.927|2335|0|0|0|
236|1662808909.366053|2022-09-10 13:21:49.366053+02|16384|test|33|455893685|0|479401|1927720825|480931819|470350434|24210925|14209803|0|0|1|200417280|0|||0|0|36465545.561|13093415.607|1455934.332|2337|0|0|0|
237|1662808910.380399|2022-09-10 13:21:50.380399+02|16384|test|33|455934227|0|479401|1928188425|481016912|470435410|24253329|14252167|0|0|1|200417280|0|||0|0|36497560.94|13117832.773|1460478.949|2339|0|0|0|
238|1662808911.392637|2022-09-10 13:21:51.392637+02|16384|test|33|455990206|0|479846|1928742697|481117554|470535920|24303489|14302351|0|0|1|200417280|0|||0|0|36527436.901|13138291.368|1466132.566|2341|0|0|0|
239|1662808912.407248|2022-09-10 13:21:52.407248+02|16384|test|33|456058658|0|480231|1929540856|481262655|470680832|24375685|14374537|0|0|1|200417280|0|||0|0|36564101.443|13163368.791|1473111.362|2343|0|0|0|
240|1662808913.422028|2022-09-10 13:21:53.422028+02|16384|test|33|456125405|0|480777|1930300059|481400349|470818378|24444495|14443333|0|0|1|200417280|0|||0|0|36599947.861|13187901.646|1479920.164|2345|0|0|0|
241|1662808914.437587|2022-09-10 13:21:54.437587+02|16384|test|33|456190156|0|481039|1930992457|481526255|470944130|24507265|14506009|0|0|1|200417280|0|||0|0|36634564.271|13211492.276|1486563.588|2347|0|0|0|
242|1662808915.452905|2022-09-10 13:21:55.452905+02|16384|test|33|456236292|0|481509|1931515852|481619748|471037526|24555374|14554212|0|0|1|200417280|0|||0|0|36665578.284|13234005.021|1491660.675|2349|0|0|0|
243|1662808916.467988|2022-09-10 13:21:56.467988+02|16384|test|33|456294956|0|481992|1932156135|481736735|471154372|24608493|14612872|0|0|1|200417280|0|||0|0|36697593.212|13256082.35|1497636.476|2351|0|0|0|
244|1662808917.483665|2022-09-10 13:21:57.483665+02|16384|test|33|456355709|0|482135|1932843283|481862302|471279802|24674783|14673621|0|0|1|200417280|0|||0|0|36730609.46|13278714.702|1503888.264|2353|0|0|0|
245|1662808918.498611|2022-09-10 13:21:58.498611+02|16384|test|33|456412893|0|482700|1933475350|481977022|471394374|24731963|14730801|0|0|1|200417280|0|||0|0|36761625.229|13300150.958|1509631.793|2355|0|0|0|
246|1662808919.514006|2022-09-10 13:21:59.514006+02|16384|test|33|456471950|0|482957|1934125579|482095480|471512692|24789161|14789854|0|0|1|200417280|0|||0|0|36793642.419|13322146.665|1515660.694|2357|0|0|0|
247|1662808920.529746|2022-09-10 13:22:00.529746+02|16384|test|33|456514795|0|483152|1934600577|482181466|471598586|24833857|14832695|0|0|1|200417280|0|||0|0|36826657.076|13347226.772|1520415.83|2359|0|0|0|
248|1662808921.544848|2022-09-10 13:22:01.544848+02|16384|test|33|456578607|0|483603|1935305277|482309443|471726414|24897665|14896503|0|0|1|200417280|0|||0|0|36860928.966|13370756.484|1526868.643|2361|0|0|0|
249|1662808922.559899|2022-09-10 13:22:02.559899+02|16384|test|33|456643368|0|484188|1936002288|482439318|471856140|24960422|14957229|0|0|1|200417280|0|||0|0|36895679.715|13394581.184|1533427.493|2363|0|0|0|
250|1662808923.575603|2022-09-10 13:22:03.575603+02|16384|test|33|456708116|0|484491|1936734969|482569169|471985840|25027166|15026004|0|0|1|200417280|0|||0|0|36930365.416|13418351.426|1539983.42|2365|0|0|0|
251|1662808924.591281|2022-09-10 13:22:04.591281+02|16384|test|33|456770864|0|485135|1937419871|482695009|472111540|25089910|15086703|0|0|1|200417280|0|||0|0|36964120.128|13441590.615|1546283.243|2367|0|0|0|
252|1662808925.606683|2022-09-10 13:22:05.606683+02|16384|test|33|456817924|0|485135|1937935844|482789448|472205864|25133976|15133759|0|0|1|200417280|0|||0|0|36995222.488|13463961.617|1551549.012|2369|0|0|0|
253|1662808926.622109|2022-09-10 13:22:06.622109+02|16384|test|33|456874048|0|485679|1938544613|482898291|472314580|25189442|15190056|0|0|1|200417280|0|||0|0|37026240.542|13485326.795|1557357.534|2371|0|0|0|
254|1662808927.637596|2022-09-10 13:22:07.637596+02|16384|test|33|456933337|0|485901|1939187566|483013459|472429636|25248633|15249341|0|0|1|200417280|0|||0|0|37058257.223|13507290.835|1563407.801|2373|0|0|0|
255|1662808928.652922|2022-09-10 13:22:08.652922+02|16384|test|33|456996196|0|486450|1939897413|483143301|472559324|25315226|15312209|0|0|1|200417280|0|||0|0|37092283.848|13530661.777|1569810.67|2375|0|0|0|
256|1662808929.668608|2022-09-10 13:22:09.668608+02|16384|test|33|457055720|0|486635|1940573264|483266358|472682272|25374746|15373584|0|0|1|200417280|0|||0|0|37124300.712|13552651.841|1575835.851|2377|0|0|0|
257|1662808930.683644|2022-09-10 13:22:10.683644+02|16384|test|33|457097127|0|487079|1941025969|483349463|472765290|25416149|15413736|0|0|1|200417280|0|||0|0|37156317.064|13577042.449|1580363.072|2379|0|0|0|
258|1662808931.699334|2022-09-10 13:22:11.699334+02|16384|test|33|457157462|0|487565|1941679658|483470466|472886164|25474488|15471376|0|0|1|200417280|0|||0|0|37189357.964|13599846.118|1586521.633|2381|0|0|0|
259|1662808932.714832|2022-09-10 13:22:12.714832+02|16384|test|33|457224219|0|487887|1942426043|483604315|473019882|25543233|15540051|0|0|1|200417280|0|||0|0|37225322.087|13624631.577|1593221.242|2383|0|0|0|
260|1662808933.730171|2022-09-10 13:22:13.730171+02|16384|test|33|457288954|0|488072|1943136922|483730148|473145586|25607964|15606802|0|0|1|200417280|0|||0|0|37260216.607|13648633.771|1599754.058|2385|0|0|0|
261|1662808934.745382|2022-09-10 13:22:14.745382+02|16384|test|33|457351630|0|488497|1943840954|483859816|473275112|25670636|15669474|0|0|1|200417280|0|||0|0|37294171.063|13671974.214|1606137.751|2387|0|0|0|
262|1662808935.759508|2022-09-10 13:22:15.759508+02|16384|test|33|457403450|0|488925|1944407616|483963743|473378956|25722452|15719784|0|0|1|200417280|0|||0|0|37328376.82|13696829.976|1611738.019|2389|0|0|0|
263|1662808936.772944|2022-09-10 13:22:16.772944+02|16384|test|33|457460541|0|489267|1945041858|484078238|473493342|25777671|15778377|0|0|1|200417280|0|||0|0|37359394.308|13718211.274|1617527.018|2391|0|0|0|
264|1662808937.784675|2022-09-10 13:22:17.784675+02|16384|test|33|457521426|0|489572|1945715844|484200323|473615316|25840420|15839258|0|0|1|200417280|0|||0|0|37392405.95|13741002.253|1623660.927|2393|0|0|0|
265|1662808938.799925|2022-09-10 13:22:18.799925+02|16384|test|33|457580146|0|490015|1946364000|484318084|473732960|25899136|15897974|0|0|1|200417280|0|||0|0|37424423.986|13763108.216|1629617.424|2395|0|0|0|
266|1662808939.814727|2022-09-10 13:22:19.814727+02|16384|test|33|457638720|0|490423|1946999973|484431886|473846648|25957706|15956544|0|0|1|200417280|0|||0|0|37456440.897|13785232.112|1635566.073|2397|0|0|0|
267|1662808940.828525|2022-09-10 13:22:20.828525+02|16384|test|33|457678556|0|490605|1947443219|484515495|473930188|25994964|15995095|0|0|1|200417280|0|||0|0|37487455.898|13808987.658|1639914.473|2399|0|0|0|
268|1662808941.844084|2022-09-10 13:22:21.844084+02|16384|test|33|457740269|0|491048|1948120816|484639260|474053818|26055972|16056022|0|0|1|200417280|0|||0|0|37521057.2|13832149.961|1646184.37|2401|0|0|0|
269|1662808942.859379|2022-09-10 13:22:22.859379+02|16384|test|33|457809160|0|491491|1948880421|484773290|474187742|26128134|16126972|0|0|1|200417280|0|||0|0|37558171.74|13857670.051|1653154.024|2403|0|0|0|
270|1662808943.874026|2022-09-10 13:22:23.874026+02|16384|test|33|457869872|0|491955|1949519879|484894951|474309314|26182659|16181598|0|0|1|200417280|0|||0|0|37591055.941|13880288.475|1659330.338|2405|0|0|0|
271|1662808944.889272|2022-09-10 13:22:24.889272+02|16384|test|33|457935614|0|492199|1950276810|485027066|474441310|26254580|16253418|0|0|1|200417280|0|||0|0|37625261.685|13903211.073|1666109.872|2407|0|0|0|
272|1662808945.903087|2022-09-10 13:22:25.903087+02|16384|test|33|457979590|0|492583|1950774126|485119116|474533276|26298552|16297390|0|0|1|200417280|0|||0|0|37657276.421|13927428.997|1670765.121|2409|0|0|0|
273|1662808946.918087|2022-09-10 13:22:26.918087+02|16384|test|33|458036652|0|493089|1951404552|485233554|474647604|26355610|16354448|0|0|1|200417280|0|||0|0|37688294.552|13948847.108|1676530.609|2411|0|0|0|
274|1662808947.933194|2022-09-10 13:22:27.933194+02|16384|test|33|458097302|0|493291|1952073723|485355174|474769108|26416256|16415094|0|0|1|200417280|0|||0|0|37721314.038|13971612.841|1682696.367|2413|0|0|0|
275|1662808948.948845|2022-09-10 13:22:28.948845+02|16384|test|33|458155931|0|493715|1952721130|485472737|474886570|26474881|16473719|0|0|1|200417280|0|||0|0|37753328.413|13993736.112|1688644.088|2415|0|0|0|
276|1662808949.963724|2022-09-10 13:22:29.963724+02|16384|test|33|458214716|0|494241|1953370555|485590601|475004344|26533662|16532500|0|0|1|200417280|0|||0|0|37785410.068|14015874.902|1694611.777|2417|0|0|0|
277|1662808950.978361|2022-09-10 13:22:30.978361+02|16384|test|33|458259781|0|494242|1953861880|485681008|475094678|26578723|16576095|0|0|1|200417280|0|||0|0|37816426.601|14038746.224|1699484.177|2419|0|0|0|
278|1662808951.993783|2022-09-10 13:22:31.993783+02|16384|test|33|458319525|0|494744|1954527205|485800807|475214370|26638463|16637301|0|0|1|200417280|0|||0|0|37849444.657|14061663.254|1705561.774|2421|0|0|0|
279|1662808953.009081|2022-09-10 13:22:33.009081+02|16384|test|33|458377842|0|495208|1955171101|485917734|475331208|26696776|16695614|0|0|1|200417280|0|||0|0|37881458.762|14083825.988|1711483.024|2423|0|0|0|
280|1662808954.023370|2022-09-10 13:22:34.02337+02|16384|test|33|458435980|0|495550|1955812659|486034319|475447688|26754910|16753748|0|0|1|200417280|0|||0|0|37913473.873|14105966.643|1717427.769|2425|0|0|0|
281|1662808955.034458|2022-09-10 13:22:35.034458+02|16384|test|33|458494450|0|495876|1956458242|486151586|475564832|26813376|16812214|0|0|1|200417280|0|||0|0|37945485.861|14128203.664|1723282.49|2427|0|0|0|
282|1662808956.049102|2022-09-10 13:22:36.049102+02|16384|test|33|458533278|0|496238|1956887113|486229524|475642692|26852200|16851038|0|0|1|200417280|0|||0|0|37977502.492|14152851.645|1727707.884|2429|0|0|0|
283|1662808957.064293|2022-09-10 13:22:37.064293+02|16384|test|33|458592250|0|496460|1957537737|486347779|475760840|26911168|16910006|0|0|1|200417280|0|||0|0|38009520.401|14174998.527|1733621.548|2431|0|0|0|
284|1662808958.079510|2022-09-10 13:22:38.07951+02|16384|test|33|458649611|0|496864|1958125229|486455511|475868470|26966700|16961836|0|0|1|200417280|0|||0|0|38040875.873|14196739.91|1739389.185|2433|0|0|0|
285|1662808959.094562|2022-09-10 13:22:39.094562+02|16384|test|33|458716123|0|497230|1958885012|486592071|476004912|27035033|17031840|0|0|1|200417280|0|||0|0|38073902.101|14218496.202|1746162.473|2435|0|0|0|
286|1662808960.108468|2022-09-10 13:22:40.108468+02|16384|test|33|458772923|0|497616|1959524590|486710061|476122798|27091829|17088636|0|0|1|200417280|0|||0|0|38104916.333|14240025.604|1751846.56|2437|0|0|0|
287|1662808961.122679|2022-09-10 13:22:41.122679+02|16384|test|34|458814360|0|497880|1959990484|486793212|476205876|27133262|17132100|0|0|1|200417280|0|||0|0|38137932.843|14265310.601|1756482.518|2439|0|0|0|
288|1662808962.136863|2022-09-10 13:22:42.136863+02|16384|test|34|458872750|0|498310|1960634025|486908452|476319536|27191648|17190486|0|0|1|200417280|0|||0|0|38169947.632|14287538.17|1762338.39|2441|0|0|0|
289|1662808963.151884|2022-09-10 13:22:43.151884+02|16384|test|34|458927696|0|498733|1961241460|487018942|476429864|27246590|17245428|0|0|1|200417280|0|||0|0|38200964.557|14309275.377|1767896.233|2443|0|0|0|
290|1662808964.167184|2022-09-10 13:22:44.167184+02|16384|test|33|458986926|0|499018|1962024500|487145225|476552812|27305809|17304657|0|0|1|200417280|0|||0|0|38233982.041|14332238.875|1773925.597|2445|0|0|0|
291|1662808965.181658|2022-09-10 13:22:45.181658+02|16384|test|33|459045537|0|499442|1962669949|487262781|476670238|27362637|17363264|0|0|1|200417280|0|||0|0|38265996.807|14354444.827|1779796.554|2447|0|0|0|
292|1662808966.195902|2022-09-10 13:22:46.195902+02|16384|test|33|459091134|0|499664|1963175081|487354272|476761636|27410009|17408857|0|0|1|200417280|0|||0|0|38298013.26|14378000.623|1784831.502|2449|0|0|0|
293|1662808967.211249|2022-09-10 13:22:47.211249+02|16384|test|33|459147545|0|500330|1963798539|487467420|476874662|27466416|17465264|0|0|1|200417280|0|||0|0|38329028.114|14399486.97|1790561.367|2451|0|0|0|
294|1662808968.226544|2022-09-10 13:22:48.226544+02|16384|test|33|459208010|0|500492|1964465644|487588672|476995796|27526877|17525725|0|0|1|200417280|0|||0|0|38362043.334|14422315.313|1796684.844|2453|0|0|0|
295|1662808969.242263|2022-09-10 13:22:49.242263+02|16384|test|33|459263636|0|500975|1965079729|487700261|477107252|27582499|17581347|0|0|1|200417280|0|||0|0|38394059.304|14444985.587|1802282.795|2455|0|0|0|
296|1662808970.257377|2022-09-10 13:22:50.257377+02|16384|test|33|459321684|0|501317|1965720323|487816681|477223552|27640543|17639391|0|0|1|200417280|0|||0|0|38426076.685|14467177.08|1808197.295|2457|0|0|0|
297|1662808971.271880|2022-09-10 13:22:51.27188+02|16384|test|33|459363831|0|501799|1966185897|487901263|477308050|27682686|17681534|0|0|1|200417280|0|||0|0|38458095.698|14491583.672|1812767.946|2459|0|0|0|
298|1662808972.287038|2022-09-10 13:22:52.287038+02|16384|test|33|459414306|0|501799|1966733344|488002515|477409204|27731351|17730197|0|0|1|200417280|0|||0|0|38486680.625|14511627.399|1817891.55|2461|0|0|0|
299|1662808973.302294|2022-09-10 13:22:53.302294+02|16384|test|33|459486323|0|502263|1967529108|488146862|477553442|27805170|17801989|0|0|1|200417280|0|||0|0|38525889.925|14538655.532|1825213.824|2463|0|0|0|
300|1662808974.317723|2022-09-10 13:22:54.317723+02|16384|test|33|459551135|0|502625|1968242098|488276822|477683270|27867949|17866773|0|0|1|200417280|0|||0|0|38560990.303|14562875.466|1831745.076|2465|0|0|0|
301|1662808975.332573|2022-09-10 13:22:55.332573+02|16384|test|33|459615944|0|503150|1968968177|488406756|477813092|27934783|17933631|0|0|1|200417280|0|||0|0|38596243.314|14587164.602|1838334.883|2467|0|0|0|
302|1662808976.345133|2022-09-10 13:22:56.345133+02|16384|test|33|459662585|0|503452|1969474453|488497465|477903708|27981420|17980268|0|0|1|200417280|0|||0|0|38628258.954|14610657.928|1843446.081|2469|0|0|0|
303|1662808977.356464|2022-09-10 13:22:57.356464+02|16384|test|33|459720407|0|503555|1970108531|488612710|478018850|28037403|18038086|0|0|1|200417280|0|||0|0|38660274.287|14632943.912|1849279.181|2471|0|0|0|
304|1662808978.368220|2022-09-10 13:22:58.36822+02|16384|test|33|459778913|0|504200|1970767302|488733599|478139642|28097740|18096588|0|0|1|200417280|0|||0|0|38692287.154|14655136.742|1855172.591|2473|0|0|0|
305|1662808979.383965|2022-09-10 13:22:59.383965+02|16384|test|33|459837091|0|504564|1971402137|488850245|478256202|28155914|18152914|0|0|1|200417280|0|||0|0|38724300.747|14677380.124|1861035.114|2475|0|0|0|
306|1662808980.399522|2022-09-10 13:23:00.399522+02|16384|test|33|459895453|0|504687|1972035200|488967252|478373130|28210619|18209468|0|0|1|200417280|0|||0|0|38756319.293|14699549.554|1866951.11|2477|0|0|0|
307|1662808981.415217|2022-09-10 13:23:01.415217+02|16384|test|33|459938668|0|505292|1972531286|489053972|478459764|28257483|18256331|0|0|1|200417280|0|||0|0|38789861.46|14725185.629|1871687.994|2479|0|0|0|
308|1662808982.430961|2022-09-10 13:23:02.430961+02|16384|test|33|460004599|0|505876|1973259223|489186155|478591830|28323410|18322258|0|0|1|200417280|0|||0|0|38822961.245|14747077.022|1878413.008|2481|0|0|0|
309|1662808983.446436|2022-09-10 13:23:03.446436+02|16384|test|33|460061381|0|505876|1973885258|489300041|478705598|28380188|18379036|0|0|1|200417280|0|||0|0|38853976.353|14768503.306|1884171.291|2483|0|0|0|
310|1662808984.461771|2022-09-10 13:23:04.461771+02|16384|test|33|460121087|0|506420|1974544577|489419756|478825214|28439890|18438738|0|0|1|200417280|0|||0|0|38886989.897|14791469.159|1890198.537|2485|0|0|0|
311|1662808985.476351|2022-09-10 13:23:05.476351+02|16384|test|33|460178886|0|506724|1975182539|489535641|478941016|28497685|18496533|0|0|1|200417280|0|||0|0|38919003.74|14813760.966|1896035.279|2487|0|0|0|
312|1662808986.491981|2022-09-10 13:23:06.491981+02|16384|test|33|460216610|0|507107|1975599428|489611356|479016668|28535405|18534253|0|0|1|200417280|0|||0|0|38950022.633|14837694.375|1900299.628|2489|0|0|0|
313|1662808987.507199|2022-09-10 13:23:07.507199+02|16384|test|33|460276099|0|507369|1976244745|489726930|479132158|28594890|18593738|0|0|1|200417280|0|||0|0|38983039.293|14860700.619|1906298.5|2491|0|0|0|
314|1662808988.522736|2022-09-10 13:23:08.522736+02|16384|test|33|460334885|0|507571|1976893265|489844798|479249916|28653672|18652520|0|0|1|200417280|0|||0|0|39015057.479|14882905.882|1912174.259|2493|0|0|0|
315|1662808989.537148|2022-09-10 13:23:09.537148+02|16384|test|33|460393822|0|508137|1977533813|489959457|479364476|28712605|18711453|0|0|1|200417280|0|||0|0|39047376.432|14905347.781|1918097.241|2495|0|0|0|
316|1662808990.552692|2022-09-10 13:23:10.552692+02|16384|test|33|460456682|0|508521|1978249411|490092712|479497628|28775461|18774309|0|0|1|200417280|0|||0|0|39081573.792|14928970.781|1924451.001|2497|0|0|0|
317|1662808991.567786|2022-09-10 13:23:11.567786+02|16384|test|33|460501682|0|508522|1978727177|490180106|479584944|28816166|18817878|0|0|1|200417280|0|||0|0|39112694.065|14951825.501|1929405.655|2499|0|0|0|
318|1662808992.579138|2022-09-10 13:23:12.579138+02|16384|test|33|460558263|0|509025|1979363263|490296456|479701198|28877034|18874094|0|0|1|200417280|0|||0|0|39144708.074|14974212.858|1935183.69|2501|0|0|0|
319|1662808993.590859|2022-09-10 13:23:13.590859+02|16384|test|33|460620490|0|509489|1980057459|490421215|479825856|28939257|18938105|0|0|1|200417280|0|||0|0|39178724.397|14997847.025|1941395.262|2503|0|0|0|
320|1662808994.605460|2022-09-10 13:23:14.60546+02|16384|test|33|460675272|0|509875|1980658713|490531074|479935624|28990375|18992883|0|0|1|200417280|0|||0|0|39208739.69|15018678.965|1946900.936|2505|0|0|0|
321|1662808995.620433|2022-09-10 13:23:15.620433+02|16384|test|33|460737277|0|510157|1981339393|490655385|480059838|29056036|19053093|0|0|1|200417280|0|||0|0|39242755.01|15042274.11|1953153.292|2507|0|0|0|
322|1662808996.635862|2022-09-10 13:23:16.635862+02|16384|test|33|460782942|0|510723|1981850003|490746992|480151372|29100287|19100545|0|0|1|200417280|0|||0|0|39274788.675|15066286.575|1957939.709|2509|0|0|0|
323|1662808997.650566|2022-09-10 13:23:17.650566+02|16384|test|33|460843327|0|510844|1982517243|490868078|480272346|29162078|19160926|0|0|1|200417280|0|||0|0|39306805.627|15088109.653|1964028.494|2511|0|0|0|
324|1662808998.665989|2022-09-10 13:23:18.665989+02|16384|test|33|460901866|0|511368|1983163893|490985454|480389628|29220613|19219461|0|0|1|200417280|0|||0|0|39338820.044|15110290.433|1969925.357|2513|0|0|0|
325|1662808999.681586|2022-09-10 13:23:19.681586+02|16384|test|33|460960461|0|511590|1983799579|491099355|480503430|29279204|19278052|0|0|1|200417280|0|||0|0|39370834.939|15132449.829|1975842.229|2515|0|0|0|
326|1662809000.696830|2022-09-10 13:23:20.69683+02|16384|test|33|461018772|0|511836|1984452389|491219873|480623848|29335663|19336359|0|0|1|200417280|0|||0|0|39402852.176|15154714.613|1981684.296|2517|0|0|0|
327|1662809001.711837|2022-09-10 13:23:21.711837+02|16384|test|33|461063586|0|512240|1984947786|491309769|480713680|29380868|19381169|0|0|1|200417280|0|||0|0|39433878.975|15177680.682|1986516.243|2519|0|0|0|
328|1662809002.727202|2022-09-10 13:23:22.727202+02|16384|test|33|461116747|0|512603|1985535987|491416374|480820206|29435478|19434326|0|0|1|200417280|0|||0|0|39466895.96|15201531.174|1992003.57|2521|0|0|0|
329|1662809003.742066|2022-09-10 13:23:23.742066+02|16384|test|33|461175118|0|513049|1986180720|491533400|480937152|29493845|19492693|0|0|1|200417280|0|||0|0|39498913.241|15223702.504|1997921.472|2523|0|0|0|
330|1662809004.757565|2022-09-10 13:23:24.757565+02|16384|test|33|461232882|0|513394|1986797203|491645283|481048944|29549666|19548558|0|0|1|200417280|0|||0|0|39530310.474|15245418.537|2003734.262|2525|0|0|0|
331|1662809005.772892|2022-09-10 13:23:25.772892+02|16384|test|33|461299503|0|513717|1987539748|491778811|481182358|29616236|19617070|0|0|1|200417280|0|||0|0|39566481.585|15270396.39|2010452.38|2527|0|0|0|
332|1662809006.788501|2022-09-10 13:23:26.788501+02|16384|test|33|461348657|0|514163|1988089989|491881368|481284842|29667372|19664551|0|0|1|200417280|0|||0|0|39596620.039|15291940.582|2015585.262|2529|0|0|0|
333|1662809007.802756|2022-09-10 13:23:27.802756+02|16384|test|33|461398711|0|514368|1988638224|491981756|481385154|29712606|19714690|0|0|1|200417280|0|||0|0|39627640.227|15314294.562|2020784.794|2531|0|0|0|
334|1662809008.813929|2022-09-10 13:23:28.813929+02|16384|test|33|461463742|0|515052|1989315495|492100970|481504278|29778728|19777616|0|0|1|200417280|0|||0|0|39663654.196|15339358.483|2027348.436|2533|0|0|0|
335|1662809009.825424|2022-09-10 13:23:29.825424+02|16384|test|33|461520641|0|515334|1989995522|492226226|481629422|29839344|19838192|0|0|1|200417280|0|||0|0|39694664.339|15360846.864|2033055.815|2535|0|0|0|
336|1662809010.841049|2022-09-10 13:23:30.841049+02|16384|test|33|461580898|0|515536|1990660266|492347039|481750140|29899597|19898445|0|0|1|200417280|0|||0|0|39727680.919|15383687.889|2039167.008|2537|0|0|0|
337|1662809011.856225|2022-09-10 13:23:31.856225+02|16384|test|33|461630644|0|516000|1991187976|492440595|481843626|29946236|19948187|0|0|1|200417280|0|||0|0|39759723.847|15407012.835|2044410.147|2539|0|0|0|
338|1662809012.871740|2022-09-10 13:23:32.87174+02|16384|test|33|461683869|0|516263|1991795478|492553546|481956490|30001007|20001408|0|0|1|200417280|0|||0|0|39790738.913|15428767.136|2049955.434|2541|0|0|0|
339|1662809013.886764|2022-09-10 13:23:33.886764+02|16384|test|33|461743787|0|516607|1992458537|492673661|482076530|30062474|20061322|0|0|1|200417280|0|||0|0|39823756.756|15451704.124|2056004.952|2543|0|0|0|
340|1662809014.901456|2022-09-10 13:23:34.901456+02|16384|test|33|461802203|0|516911|1993103285|492790778|482193566|30120886|20119734|0|0|1|200417280|0|||0|0|39855774.131|15473848.728|2061931.294|2545|0|0|0|
341|1662809015.916952|2022-09-10 13:23:35.916952+02|16384|test|33|461859886|0|517315|1993740206|492906440|482309136|30178565|20177413|0|0|1|200417280|0|||0|0|39887792.49|15496071.184|2067815.54|2547|0|0|0|
342|1662809016.932092|2022-09-10 13:23:36.932092+02|16384|test|33|461913731|0|517640|1994334662|493014408|482417030|30232406|20231254|0|0|1|200417280|0|||0|0|39919815.475|15518694.03|2073468.006|2549|0|0|0|
343|1662809017.947384|2022-09-10 13:23:37.947384+02|16384|test|33|461957400|0|517902|1994808721|493099339|482501896|30276071|20274919|0|0|1|200417280|0|||0|0|39951829.562|15542879.913|2078152.922|2551|0|0|0|
344|1662809018.962767|2022-09-10 13:23:38.962767+02|16384|test|33|462015456|0|518346|1995455864|493218426|482620888|30332334|20332971|0|0|1|200417280|0|||0|0|39983850.344|15565141.114|2084013.907|2553|0|0|0|
345|1662809019.977984|2022-09-10 13:23:39.977984+02|16384|test|33|462071620|0|518632|1996077926|493331049|482733420|30390283|20389131|0|0|1|200417280|0|||0|0|40014200.393|15586060.793|2089667.333|2555|0|0|0|
346|1662809020.993520|2022-09-10 13:23:40.99352+02|16384|test|33|462142437|0|519238|1996847686|493473007|482875258|30457121|20457877|0|0|1|200417280|0|||0|0|40052660.236|15612617.319|2096815.131|2557|0|0|0|
347|1662809022.008807|2022-09-10 13:23:42.008807+02|16384|test|34|462200834|0|519524|1997506361|493590958|482992256|30515899|20518337|0|0|1|200417280|0|||0|0|40084786.21|15634510.267|2102988.961|2559|0|0|0|
348|1662809023.023724|2022-09-10 13:23:43.023724+02|16384|test|33|462247290|0|519873|1998088835|493685331|483083396|30564154|20564793|0|0|1|200417280|0|||0|0|40116805.291|15658404.605|2107846.778|2561|0|0|0|
349|1662809024.037842|2022-09-10 13:23:44.037842+02|16384|test|33|462307178|0|520317|1998761238|493808448|483206250|30625819|20624677|0|0|1|200417280|0|||0|0|40149823.562|15681278.169|2113949.154|2563|0|0|0|
350|1662809025.049948|2022-09-10 13:23:45.049948+02|16384|test|33|462365684|0|520761|1999407278|493925773|483323466|30684321|20683179|0|0|1|200417280|0|||0|0|40181838.358|15703441.746|2119860.1|2565|0|0|0|
351|1662809026.064689|2022-09-10 13:23:46.064689+02|16384|test|33|462424458|0|521003|2000055726|494043631|483441218|30743091|20741949|0|0|1|200417280|0|||0|0|40213855.082|15725591.92|2125771.441|2567|0|0|0|
352|1662809027.079914|2022-09-10 13:23:47.079914+02|16384|test|33|462475925|0|521405|2000624136|494146880|483544356|30794554|20793412|0|0|1|200417280|0|||0|0|40242897.481|15745735.719|2131099.596|2569|0|0|0|
353|1662809028.095122|2022-09-10 13:23:48.095122+02|16384|test|33|462529282|0|521753|2001213530|494253897|483651274|30847907|20846765|0|0|1|200417280|0|||0|0|40277915.333|15771312.522|2136741.289|2571|0|0|0|
354|1662809029.110055|2022-09-10 13:23:49.110055+02|16384|test|33|462587517|0|522015|2001856075|494370669|483767948|30906138|20904996|0|0|1|200417280|0|||0|0|40309932.629|15793500.566|2142646.807|2573|0|0|0|
355|1662809030.124800|2022-09-10 13:23:50.1248+02|16384|test|33|462644234|0|522479|2002482367|494484405|483881586|30962851|20961709|0|0|1|200417280|0|||0|0|40340949.101|15814992.88|2148357.365|2575|0|0|0|
356|1662809031.139916|2022-09-10 13:23:51.139916+02|16384|test|33|462704628|0|522863|2003149098|494605500|484002578|31023241|21022099|0|0|1|200417280|0|||0|0|40373963.968|15837923.658|2154392.97|2577|0|0|0|
357|1662809032.155457|2022-09-10 13:23:52.155457+02|16384|test|33|462762832|0|523330|2003791986|494722208|484119190|31081441|21080299|0|0|1|200417280|0|||0|0|40405979.541|15860171.093|2160252.861|2579|0|0|0|
358|1662809033.170738|2022-09-10 13:23:53.170738+02|16384|test|33|462801004|0|523692|2004213902|494798834|484195738|31119609|21118467|0|0|1|200417280|0|||0|0|40436995.873|15884173.287|2164432.1|2581|0|0|0|
359|1662809034.185945|2022-09-10 13:23:54.185945+02|16384|test|33|462860387|0|524054|2004869200|494917908|484314708|31178988|21177846|0|0|1|200417280|0|||0|0|40470011.521|15907161.82|2170451.41|2583|0|0|0|
360|1662809035.201103|2022-09-10 13:23:55.201103+02|16384|test|33|462918888|0|524336|2005495525|495031384|484428080|31237485|21234425|0|0|1|200417280|0|||0|0|40501938.822|15929279.278|2176340.34|2585|0|0|0|
361|1662809036.216556|2022-09-10 13:23:56.216556+02|16384|test|33|462981573|0|524578|2006206208|495160886|484557488|31300166|21299024|0|0|1|200417280|0|||0|0|40535998.975|15952764.973|2182691.12|2587|0|0|0|
362|1662809037.231741|2022-09-10 13:23:57.231741+02|16384|test|33|463050462|0|525006|2006964994|495298990|484695470|31366994|21367909|0|0|1|200417280|0|||0|0|40573382.057|15978584.697|2189627.462|2589|0|0|0|
363|1662809038.245900|2022-09-10 13:23:58.2459+02|16384|test|33|463097063|0|525308|2007456993|495386742|484783140|31414216|21413044|0|0|1|200417280|0|||0|0|40605397.426|16002009.937|2194776.087|2591|0|0|0|
364|1662809039.260827|2022-09-10 13:23:59.260827+02|16384|test|33|463155547|0|525852|2008127356|495509746|484906048|31474128|21472986|0|0|1|200417280|0|||0|0|40637414.984|16024175.281|2200695.729|2593|0|0|0|
365|1662809040.274302|2022-09-10 13:24:00.274302+02|16384|test|33|463213708|0|526014|2008761842|495626387|485022574|31532285|21529359|0|0|1|200417280|0|||0|0|40669432.767|16046421.16|2206558.063|2595|0|0|0|
366|1662809041.285865|2022-09-10 13:24:01.285865+02|16384|test|33|463272286|0|526336|2009415385|495743848|485139934|31590859|21589717|0|0|1|200417280|0|||0|0|40701446.476|16068611.708|2212453.456|2597|0|0|0|
367|1662809042.300074|2022-09-10 13:24:02.300074+02|16384|test|33|463330490|0|526962|2010058152|495860563|485256546|31649059|21647917|0|0|1|200417280|0|||0|0|40733463.166|16090871.913|2218308.925|2599|0|0|0|
368|1662809043.314607|2022-09-10 13:24:03.314607+02|16384|test|33|463373392|0|527477|2010526452|495946639|485342554|31691957|21689426|0|0|1|200417280|0|||0|0|40767045.795|16116593.998|2222988.512|2601|0|0|0|
369|1662809044.330242|2022-09-10 13:24:04.330242+02|16384|test|33|463435596|0|527477|2011215965|496071347|485467166|31752157|21753015|0|0|1|200417280|0|||0|0|40800881.233|16139933.732|2229284.148|2603|0|0|0|
370|1662809045.345395|2022-09-10 13:24:05.345395+02|16384|test|33|463502490|0|527821|2011936334|496201480|485597188|31821047|21817893|0|0|1|200417280|0|||0|0|40837174.6|16164884.747|2236103.748|2605|0|0|0|
371|1662809046.360270|2022-09-10 13:24:06.36027+02|16384|test|33|463567312|0|528309|2012662099|496335404|485731006|31883858|21882668|0|0|1|200417280|0|||0|0|40872235.493|16188999.454|2242671.863|2607|0|0|0|
372|1662809047.374694|2022-09-10 13:24:07.374694+02|16384|test|33|463626210|0|528616|2013311517|496449790|485845302|31944759|21943617|0|0|1|200417280|0|||0|0|40904349.568|16210971.45|2248752.838|2609|0|0|0|
373|1662809048.387364|2022-09-10 13:24:08.387364+02|16384|test|33|463672279|0|529098|2013828453|496545927|485941348|31987973|21989682|0|0|1|200417280|0|||0|0|40936364.508|16234930.669|2253572.63|2611|0|0|0|
374|1662809049.403023|2022-09-10 13:24:09.403023+02|16384|test|33|463730110|0|529442|2014469765|496661886|486057214|32048651|22047509|0|0|1|200417280|0|||0|0|40968380.455|16257163.447|2259455.963|2613|0|0|0|
375|1662809050.418372|2022-09-10 13:24:10.418372+02|16384|test|33|463790702|0|529686|2015138466|496783352|486178602|32109239|22108097|0|0|1|200417280|0|||0|0|41001395.596|16280029.377|2265529.842|2615|0|0|0|
376|1662809051.433440|2022-09-10 13:24:11.43344+02|16384|test|33|463847760|0|530034|2015757652|496894054|486289226|32166293|22165151|0|0|1|200417280|0|||0|0|41032412.34|16301478.751|2271264.578|2617|0|0|0|
377|1662809052.448317|2022-09-10 13:24:12.448317+02|16384|test|33|463906337|0|530460|2016415734|497015195|486410280|32224866|22223724|0|0|1|200417280|0|||0|0|41065443.907|16324341.669|2277384.111|2619|0|0|0|
378|1662809053.463238|2022-09-10 13:24:13.463238+02|16384|test|33|463952371|0|530801|2016923892|497107542|486502552|32270896|22269754|0|0|1|200417280|0|||0|0|41096459.783|16347171.53|2282274.357|2621|0|0|0|
379|1662809054.477961|2022-09-10 13:24:14.477961+02|16384|test|33|464011654|0|531447|2017578643|497226410|486621322|32330175|22329033|0|0|1|200417280|0|||0|0|41129475.871|16370162.022|2288299.235|2623|0|0|0|
380|1662809055.493071|2022-09-10 13:24:15.493071+02|16384|test|33|464070311|0|531447|2018225519|497344023|486738840|32388828|22387686|0|0|1|200417280|0|||0|0|41161492.679|16392272.515|2294253.69|2625|0|0|0|
381|1662809056.507739|2022-09-10 13:24:16.507739+02|16384|test|33|464128793|0|531834|2018871446|497461287|486856008|32447306|22446164|0|0|1|200417280|0|||0|0|41193507.21|16414404.097|2300194.578|2627|0|0|0|
382|1662809057.520806|2022-09-10 13:24:17.520806+02|16384|test|33|464187010|0|532340|2019514536|497578008|486972646|32505519|22504377|0|0|1|200417280|0|||0|0|41225522.955|16436516.537|2306151.081|2629|0|0|0|
383|1662809058.534734|2022-09-10 13:24:18.534734+02|16384|test|33|464223241|0|532662|2019908715|497650725|487045312|32540562|22539420|0|0|1|200417280|0|||0|0|41256538.796|16460747.632|2310223.453|2631|0|0|0|
384|1662809059.549468|2022-09-10 13:24:19.549468+02|16384|test|33|464283005|0|532944|2020574080|497770549|487165044|32601506|22600364|0|0|1|200417280|0|||0|0|41289556.351|16483643.45|2316311.172|2633|0|0|0|
385|1662809060.564821|2022-09-10 13:24:20.564821+02|16384|test|33|464341714|0|533368|2021195495|497880047|487274466|32658168|22659069|0|0|1|200417280|0|||0|0|41321516.515|16505694.605|2322265.877|2635|0|0|0|
386|1662809061.579863|2022-09-10 13:24:21.579863+02|16384|test|33|464406597|0|533572|2021926158|498014241|487408550|32725090|22723948|0|0|1|200417280|0|||0|0|41356616.861|16529915.802|2328793.064|2637|0|0|0|
387|1662809062.594230|2022-09-10 13:24:22.59423+02|16384|test|33|464473588|0|534196|2022653562|498144440|487538652|32792077|22790935|0|0|1|200417280|0|||0|0|41393781.423|16555835.347|2335541.326|2639|0|0|0|
388|1662809063.608468|2022-09-10 13:24:23.608468+02|16384|test|33|464525029|0|534522|2023233857|498251685|487645830|32843514|22842372|0|0|1|200417280|0|||0|0|41427020.834|16579971.796|2340968.963|2641|0|0|0|
389|1662809064.623329|2022-09-10 13:24:24.623329+02|16384|test|33|464585065|0|534764|2023897300|498372429|487766468|32903546|22902404|0|0|1|200417280|0|||0|0|41460035.847|16602900.426|2347016.465|2643|0|0|0|
390|1662809065.638345|2022-09-10 13:24:25.638345+02|16384|test|33|464643640|0|535069|2024555185|498493586|487887538|32962117|22960975|0|0|1|200417280|0|||0|0|41492054.999|16625078.028|2352920.059|2645|0|0|0|
391|1662809066.653800|2022-09-10 13:24:26.6538+02|16384|test|33|464701835|0|535593|2025196017|498610266|488004132|33018495|23019166|0|0|1|200417280|0|||0|0|41524071.535|16647312.704|2358785.663|2647|0|0|0|
392|1662809067.668616|2022-09-10 13:24:27.668616+02|16384|test|33|464759918|0|536057|2025831937|498726719|488120502|33078387|23075451|0|0|1|200417280|0|||0|0|41556103.155|16669538.565|2364667.676|2649|0|0|0|
393|1662809068.682136|2022-09-10 13:24:28.682136+02|16384|test|33|464801974|0|536419|2026295602|498808468|488202180|33120439|23119297|0|0|1|200417280|0|||0|0|41589078.421|16694808.422|2369287.374|2651|0|0|0|
394|1662809069.697084|2022-09-10 13:24:29.697084+02|16384|test|33|464864882|0|536741|2026985166|498933081|488326708|33183343|23182201|0|0|1|200417280|0|||0|0|41623149.003|16718297.104|2375644.777|2653|0|0|0|
395|1662809070.712362|2022-09-10 13:24:30.712362+02|16384|test|33|464927683|0|537083|2027672274|499063113|488456644|33244147|23240974|0|0|1|200417280|0|||0|0|41657239.67|16741785.4|2382009.881|2655|0|0|0|
396|1662809071.726950|2022-09-10 13:24:31.72695+02|16384|test|33|464927687|0|537083|2027672729|499063327|488456856|33244147|23240974|0|0|1|200417280|0|||0|0|41657247.753|16741788.764|2382009.881|2657|0|0|0|
397|1662809072.738118|2022-09-10 13:24:32.738118+02|16384|test|33|464996620|0|537425|2028422721|499197424|488590852|33315069|23309838|0|0|1|200417280|0|||0|0|41694726.66|16767656.302|2388984.878|2659|0|0|0|
398|1662809073.752445|2022-09-10 13:24:33.752445+02|16384|test|33|465048757|0|537787|2029018531|499306058|488699404|33367202|23364008|0|0|1|200417280|0|||0|0|41724768.319|16788571.801|2394439.905|2661|0|0|0|
399|1662809074.768197|2022-09-10 13:24:34.768197+02|16384|test|33|465100843|0|538031|2029594099|499410504|488803780|33417757|23416615|0|0|1|200417280|0|||0|0|41758788.08|16813507.247|2399874.881|2663|0|0|0|
400|1662809075.783442|2022-09-10 13:24:35.783442+02|16384|test|33|465215787|0|538942|2030863470|499640768|489033872|33534224|23531260|0|0|1|200417280|0|||0|0|41821812.899|16857236.132|2411456.535|2665|0|0|0|
401|1662809076.798706|2022-09-10 13:24:36.798706+02|16384|test|33|465274831|0|539467|2031522767|499759146|489152164|33593264|23592122|0|0|1|200417280|0|||0|0|41854828.843|16880282.055|2417438.584|2667|0|0|0|
402|1662809077.814129|2022-09-10 13:24:37.814129+02|16384|test|33|465328757|0|539467|2032117514|499867271|489260220|33647186|23646044|0|0|1|200417280|0|||0|0|41886863.886|16903058.719|2422991.647|2669|0|0|0|
403|1662809078.828310|2022-09-10 13:24:38.82831+02|16384|test|33|465380477|0|539909|2032682005|499970995|489363864|33698902|23696151|0|0|1|200417280|0|||0|0|41918879.554|16926028.306|2428396.951|2671|0|0|0|
404|1662809079.843353|2022-09-10 13:24:39.843353+02|16384|test|33|465438832|0|540151|2033332237|500087991|489480778|33757253|23756111|0|0|1|200417280|0|||0|0|41950895.894|16948150.718|2434330.237|2673|0|0|0|
405|1662809080.858387|2022-09-10 13:24:40.858387+02|16384|test|33|465497490|0|540535|2033968873|500201966|489594664|33815907|23814765|0|0|1|200417280|0|||0|0|41982912.58|16970366.701|2440200.346|2675|0|0|0|
406|1662809081.873626|2022-09-10 13:24:41.873626+02|16384|test|34|465555012|0|540966|2034630629|500323700|489713930|33873425|23872283|0|0|1|200417280|0|||0|0|42014929.197|16992714.224|2445978.925|2677|0|0|0|
407|1662809082.888727|2022-09-10 13:24:42.888727+02|16384|test|34|465611711|0|541370|2035256810|500437401|489827532|33930120|23928978|0|0|1|200417280|0|||0|0|42046945.205|17015219.861|2451658.953|2679|0|0|0|
408|1662809083.903082|2022-09-10 13:24:43.903082+02|16384|test|34|465649754|0|541612|2035677747|500514101|489904110|33968159|23967017|0|0|1|200417280|0|||0|0|42078961.938|17040238.785|2455836.346|2681|0|0|0|
409|1662809084.919110|2022-09-10 13:24:44.91911+02|16384|test|33|465705689|0|542140|2036446111|500626514|490013077|34024083|24022951|0|0|1|200417280|0|||0|0|42109978.393|17061852.738|2461466.246|2683|0|0|0|
410|1662809085.934606|2022-09-10 13:24:45.934606+02|16384|test|33|465766084|0|542624|2037113819|500747811|490134072|34084474|24083342|0|0|1|200417280|0|||0|0|42142996.123|17084753.661|2467533.285|2685|0|0|0|
411|1662809086.949967|2022-09-10 13:24:46.949967+02|16384|test|33|465824569|0|542786|2037751246|500865017|490251158|34142955|24139930|0|0|1|200417280|0|||0|0|42174750.968|17106710.698|2473409.909|2687|0|0|0|
412|1662809087.965240|2022-09-10 13:24:47.96524+02|16384|test|33|465887265|0|543230|2038425639|500982293|490368312|34205647|24204515|0|0|1|200417280|0|||0|0|42208674.437|17130124.431|2479707.835|2689|0|0|0|
413|1662809088.980315|2022-09-10 13:24:48.980315+02|16384|test|33|465935577|0|543231|2038995142|501091384|490477296|34253955|24252823|0|0|1|200417280|0|||0|0|42241885.89|17154453.721|2485026.057|2691|0|0|0|
414|1662809089.995499|2022-09-10 13:24:49.995499+02|16384|test|33|465996258|0|543875|2039665317|501213069|490598862|34314632|24313500|0|0|1|200417280|0|||0|0|42274901.841|17177307.266|2491113.271|2693|0|0|0|
415|1662809091.010646|2022-09-10 13:24:51.010646+02|16384|test|33|466054239|0|544441|2040305993|501329378|490715028|34372609|24371477|0|0|1|200417280|0|||0|0|42306918.583|17199565.394|2496965.412|2695|0|0|0|
416|1662809092.026131|2022-09-10 13:24:52.026131+02|16384|test|33|466112938|0|544825|2040954043|501447077|490832630|34431304|24430172|0|0|1|200417280|0|||0|0|42338935.83|17221768.01|2502840.179|2697|0|0|0|
417|1662809093.044942|2022-09-10 13:24:53.044942+02|16384|test|33|466170119|0|545087|2041585000|501561757|490947196|34488481|24487349|0|0|1|200417280|0|||0|0|42369952.452|17243149.444|2508627.44|2699|0|0|0|
418|1662809094.061462|2022-09-10 13:24:54.061462+02|16384|test|33|466213080|0|545369|2042041456|501642474|491027848|34530075|24530306|0|0|1|200417280|0|||0|0|42402115.389|17267400.408|2513358.304|2701|0|0|0|
419|1662809095.075952|2022-09-10 13:24:55.075952+02|16384|test|33|466280710|0|545632|2042776689|501779474|491164720|34599064|24593821|0|0|1|200417280|0|||0|0|42438500.31|17292381.661|2520198.701|2703|0|0|0|
420|1662809096.088540|2022-09-10 13:24:56.08854+02|16384|test|33|466280714|0|545632|2042777144|501779688|491164932|34599064|24593821|0|0|1|200417280|0|||0|0|42438506.902|17292384.227|2520198.701|2705|0|0|0|
421|1662809097.103238|2022-09-10 13:24:57.103238+02|16384|test|33|466339518|0|546295|2043455276|501901685|491286810|34657864|24656732|0|0|1|200417280|0|||0|0|42469901.977|17313879.563|2526154.264|2707|0|0|0|
422|1662809098.114591|2022-09-10 13:24:58.114591+02|16384|test|33|466410504|0|546560|2044207616|502039864|491424848|34726777|24723577|0|0|1|200417280|0|||0|0|42505808.289|17337866.181|2533298.983|2709|0|0|0|
423|1662809099.126268|2022-09-10 13:24:59.126268+02|16384|test|33|466475396|0|546944|2044944808|502174110|491558974|34791729|24790589|0|0|1|200417280|0|||0|0|42539932.661|17361076.421|2539857.543|2711|0|0|0|
424|1662809100.141618|2022-09-10 13:25:00.141618+02|16384|test|33|466524034|0|547386|2045491970|502271692|491656454|34842368|24841236|0|0|1|200417280|0|||0|0|42571948.115|17384101.463|2545267.078|2713|0|0|0|
425|1662809101.156748|2022-09-10 13:25:01.156748+02|16384|test|33|466580999|0|547649|2046118510|502385932|491770588|34897377|24898197|0|0|1|200417280|0|||0|0|42601965.121|17404511.194|2551039.745|2715|0|0|0|
426|1662809102.171363|2022-09-10 13:25:02.171363+02|16384|test|33|466650123|0|547993|2046863022|502520414|491904942|34968449|24965236|0|0|1|200417280|0|||0|0|42635980.859|17427020.544|2557921.335|2717|0|0|0|
427|1662809103.186232|2022-09-10 13:25:03.186232+02|16384|test|33|466770160|0|548741|2048200861|502764990|492149318|35088482|25085471|0|0|1|200417280|0|||0|0|42699999.746|17470814.837|2570063.8|2719|0|0|0|
428|1662809104.201988|2022-09-10 13:25:04.201988+02|16384|test|33|466811838|0|549325|2048661122|502845952|492230212|35130156|25129024|0|0|1|200417280|0|||0|0|42732016.775|17495105.397|2574694.414|2721|0|0|0|
429|1662809105.216152|2022-09-10 13:25:05.216152+02|16384|test|33|466876549|0|549527|2049383035|502978373|492362504|35194863|25193731|0|0|1|200417280|0|||0|0|42764032.383|17516271.848|2581201.858|2723|0|0|0|
430|1662809106.231064|2022-09-10 13:25:06.231064+02|16384|test|33|466937053|0|550011|2050051028|503099684|492483716|35255363|25254231|0|0|1|200417280|0|||0|0|42796047.91|17538123.734|2587295.345|2725|0|0|0|
431|1662809107.246735|2022-09-10 13:25:07.246735+02|16384|test|33|466995348|0|550173|2050694145|503216574|492600510|35313654|25312522|0|0|1|200417280|0|||0|0|42827063.457|17559290.486|2593217.502|2727|0|0|0|
432|1662809108.262718|2022-09-10 13:25:08.262718+02|16384|test|33|467057499|0|550497|2051378387|503341198|492725016|35373873|25374669|0|0|1|200417280|0|||0|0|42860131.875|17581862.035|2599526.105|2729|0|0|0|
433|1662809109.278374|2022-09-10 13:25:09.278374+02|16384|test|33|467104147|0|550902|2051895676|503434782|492818516|35422445|25421313|0|0|1|200417280|0|||0|0|42891148.629|17604258.799|2604673.158|2731|0|0|0|
434|1662809110.293660|2022-09-10 13:25:10.29366+02|16384|test|33|467161690|0|551327|2052514048|503550178|492933806|35478080|25475105|0|0|1|200417280|0|||0|0|42922202.034|17625561.968|2610534.068|2733|0|0|0|
435|1662809111.308702|2022-09-10 13:25:11.308702+02|16384|test|33|467226799|0|551932|2053248142|503680715|493064228|35543264|25543957|0|0|1|200417280|0|||0|0|42957219.759|17649651.469|2617089.762|2735|0|0|0|
436|1662809112.324130|2022-09-10 13:25:12.32413+02|16384|test|33|467286212|0|552154|2053905764|503799841|493183258|35604498|25603366|0|0|1|200417280|0|||0|0|42989234.654|17671501.443|2623214.499|2737|0|0|0|
437|1662809113.339181|2022-09-10 13:25:13.339181+02|16384|test|33|467345862|0|552622|2054562910|503919426|493302762|35662326|25663012|0|0|1|200417280|0|||0|0|43021249.492|17693457.207|2629258.028|2739|0|0|0|
438|1662809114.354240|2022-09-10 13:25:14.35424+02|16384|test|33|467387705|0|552886|2055026959|504003393|493386652|35705983|25704851|0|0|1|200417280|0|||0|0|43053263.515|17717821.769|2633827.119|2741|0|0|0|
439|1662809115.369226|2022-09-10 13:25:15.369226+02|16384|test|33|467448902|0|553188|2055702166|504126101|493509250|35767176|25766044|0|0|1|200417280|0|||0|0|43085909.537|17740120.352|2640049.95|2743|0|0|0|
440|1662809116.384094|2022-09-10 13:25:16.384094+02|16384|test|33|467507671|0|553570|2056336201|504239815|493622872|35823889|25824809|0|0|1|200417280|0|||0|0|43117178.703|17761400.772|2646061.201|2745|0|0|0|
441|1662809117.399965|2022-09-10 13:25:17.399965+02|16384|test|33|467578720|0|554194|2057112914|504382402|493765346|35895012|25893801|0|0|1|200417280|0|||0|0|43154983.43|17787193.086|2653289.244|2747|0|0|0|
442|1662809118.414958|2022-09-10 13:25:18.414958+02|16384|test|33|467578724|0|554194|2057113369|504382616|493765558|35895012|25893801|0|0|1|200417280|0|||0|0|43154991.814|17787196.488|2653289.244|2749|0|0|0|
443|1662809119.427055|2022-09-10 13:25:19.427055+02|16384|test|33|467643616|0|554576|2057851518|504516677|493899494|35961874|25960742|0|0|1|200417280|0|||0|0|43189373.999|17810634.034|2659862.242|2751|0|0|0|
444|1662809120.442660|2022-09-10 13:25:20.44266+02|16384|test|33|467689288|0|554738|2058354021|504608315|493991042|36006047|26006410|0|0|1|200417280|0|||0|0|43219389.449|17832271.47|2664873.638|2753|0|0|0|
445|1662809121.458070|2022-09-10 13:25:21.45807+02|16384|test|33|467752264|0|555000|2059050287|504734567|494117198|36070514|26069382|0|0|1|200417280|0|||0|0|43253404.798|17855572.551|2671326.492|2755|0|0|0|
446|1662809122.472974|2022-09-10 13:25:22.472974+02|16384|test|33|467870661|0|556029|2060357278|504971769|494354196|36188907|26187775|0|0|1|200417280|0|||0|0|43317429.932|17899413.833|2683473.572|2757|0|0|0|
447|1662809123.487688|2022-09-10 13:25:23.487688+02|16384|test|33|467930701|0|556131|2061019850|505092154|494474480|36248943|26247811|0|0|1|200417280|0|||0|0|43349446.191|17921262.028|2689590.476|2759|0|0|0|
448|1662809124.502426|2022-09-10 13:25:24.502426+02|16384|test|33|467972168|0|556887|2061478433|505175356|494557618|36290406|26289274|0|0|1|200417280|0|||0|0|43381462.87|17945527.925|2694242.803|2761|0|0|0|
449|1662809125.517715|2022-09-10 13:25:25.517715+02|16384|test|33|468027301|0|556887|2062047851|505282106|494664274|36341720|26338634|0|0|1|200417280|0|||0|0|43410930.728|17965656.555|2699855.306|2763|0|0|0|
450|1662809126.531978|2022-09-10 13:25:26.531978+02|16384|test|33|468027305|0|556887|2062048306|505282320|494664486|36341720|26338634|0|0|1|200417280|0|||0|0|43410938.264|17965659.668|2699855.306|2765|0|0|0|
451|1662809127.543129|2022-09-10 13:25:27.543129+02|16384|test|33|468089803|0|557330|2062730512|505407417|494789484|36406001|26398903|0|0|1|200417280|0|||0|0|43444229.302|17988317.381|2706261.878|2767|0|0|0|
452|1662809128.556915|2022-09-10 13:25:28.556915+02|16384|test|33|468160837|0|557715|2063540372|505549824|494931782|36479059|26475865|0|0|1|200417280|0|||0|0|43481873.312|18014018.232|2713438.578|2769|0|0|0|
453|1662809129.572283|2022-09-10 13:25:29.572283+02|16384|test|33|468223683|0|558379|2064240111|505675695|495057552|36539843|26540769|0|0|1|200417280|0|||0|0|43515573.064|18037085.513|2719827.352|2771|0|0|0|
454|1662809130.587642|2022-09-10 13:25:30.587642+02|16384|test|33|468275354|0|558379|2064796629|505777278|495159060|36590491|26590928|0|0|1|200417280|0|||0|0|43548763.154|18060987.532|2725402.716|2773|0|0|0|
455|1662809131.603627|2022-09-10 13:25:31.603627+02|16384|test|33|468335076|0|558702|2065466435|505903183|495284862|36651404|26648387|0|0|1|200417280|0|||0|0|43580780.928|18082871.49|2731497.428|2775|0|0|0|
456|1662809132.618652|2022-09-10 13:25:32.618652+02|16384|test|33|468396864|0|559107|2066165515|506027068|495408642|36715070|26713938|0|0|1|200417280|0|||0|0|43613796.862|18105456.999|2737763.771|2777|0|0|0|
457|1662809133.634647|2022-09-10 13:25:33.634647+02|16384|test|33|468456567|0|559691|2066817504|506146772|495528252|36774769|26771799|0|0|1|200417280|0|||0|0|43645812.294|18127400.501|2743816.732|2779|0|0|0|
458|1662809134.649592|2022-09-10 13:25:34.649592+02|16384|test|33|468516051|0|560076|2067481565|506266044|495647424|36834249|26833117|0|0|1|200417280|0|||0|0|43677826.526|18149331.931|2749883.096|2781|0|0|0|
459|1662809135.664310|2022-09-10 13:25:35.66431+02|16384|test|33|468557613|0|560518|2067940597|506349436|495730752|36875807|26874675|0|0|1|200417280|0|||0|0|43709844.107|18173631.092|2754490.054|2783|0|0|0|
460|1662809136.676305|2022-09-10 13:25:36.676305+02|16384|test|33|468614138|0|560518|2068554246|506462767|495844006|36930447|26929321|0|0|1|200417280|0|||0|0|43739858.741|18194140.531|2760202.951|2785|0|0|0|
461|1662809137.691385|2022-09-10 13:25:37.691385+02|16384|test|33|468682180|0|560905|2069293154|506595225|495976364|36998401|26997213|0|0|1|200417280|0|||0|0|43775953.225|18218756.928|2767098.482|2787|0|0|0|
462|1662809138.706865|2022-09-10 13:25:38.706865+02|16384|test|33|468742964|0|561428|2069963456|506716978|496098004|37059092|27057960|0|0|1|200417280|0|||0|0|43808514.549|18241068.748|2773257.397|2789|0|0|0|
463|1662809139.720869|2022-09-10 13:25:39.720869+02|16384|test|33|468811995|0|561932|2070747920|506859418|496240332|37130173|27129041|0|0|1|200417280|0|||0|0|43845317.224|18266297.342|2780203.68|2791|0|0|0|
464|1662809140.735955|2022-09-10 13:25:40.735955+02|16384|test|33|468859645|0|562354|2071272481|506954992|496335836|37176354|27176687|0|0|1|200417280|0|||0|0|43877331.283|18289638.48|2785407.604|2793|0|0|0|
465|1662809141.751503|2022-09-10 13:25:41.751503+02|16384|test|34|468919376|0|562416|2071930862|507074732|496455502|37235665|27236414|0|0|1|200417280|0|||0|0|43909344.797|18311577.91|2791456.6|2795|0|0|0|
466|1662809142.766702|2022-09-10 13:25:42.766702+02|16384|test|33|468976181|0|562905|2072629253|507192677|496569914|37294341|27291345|0|0|1|200417280|0|||0|0|43940359.786|18333023.8|2797184.211|2797|0|0|0|
467|1662809143.781734|2022-09-10 13:25:43.781734+02|16384|test|33|469036500|0|563316|2073314022|507313655|496687295|37354656|27353534|0|0|1|200417280|0|||0|0|43973375.648|18355868.962|2803274.792|2799|0|0|0|
468|1662809144.796257|2022-09-10 13:25:44.796257+02|16384|test|33|469096030|0|563800|2073975813|507436967|496810320|37414182|27411206|0|0|1|200417280|0|||0|0|44005390.908|18377922.094|2809247.795|2801|0|0|0|
469|1662809145.811973|2022-09-10 13:25:45.811973+02|16384|test|33|469136256|0|564163|2074427645|507517726|496890976|37454404|27453282|0|0|1|200417280|0|||0|0|44037406.643|18402432.851|2813740.385|2803|0|0|0|
470|1662809146.827574|2022-09-10 13:25:46.827574+02|16384|test|33|469197795|0|564485|2075095529|507637273|497010376|37515939|27514817|0|0|1|200417280|0|||0|0|44070253.473|18424939.595|2819952.451|2805|0|0|0|
471|1662809147.842864|2022-09-10 13:25:47.842864+02|16384|test|33|469260697|0|564889|2075801631|507767323|497140266|37578837|27577715|0|0|1|200417280|0|||0|0|44103664.685|18447735.952|2826335.674|2807|0|0|0|
472|1662809148.858648|2022-09-10 13:25:48.858648+02|16384|test|33|469323514|0|565191|2076431768|507881208|497254026|37639575|27634373|0|0|1|200417280|0|||0|0|44137327.353|18470723.666|2832763.452|2809|0|0|0|
473|1662809149.873453|2022-09-10 13:25:49.873453+02|16384|test|33|469390476|0|565798|2077224066|508027589|497400232|37706533|27705411|0|0|1|200417280|0|||0|0|44173209.678|18495289.37|2839567.878|2811|0|0|0|
474|1662809150.889248|2022-09-10 13:25:50.889248+02|16384|test|33|469437751|0|565920|2077754585|508122428|497494986|37754377|27754757|0|0|1|200417280|0|||0|0|44204310.028|18517770.56|2844731.667|2813|0|0|0|
475|1662809151.904600|2022-09-10 13:25:51.9046+02|16384|test|33|469496610|0|566245|2078398692|508240488|497612908|37814734|27811738|0|0|1|200417280|0|||0|0|44236323.452|18539828.897|2850707.004|2815|0|0|0|
476|1662809152.920499|2022-09-10 13:25:52.920499+02|16384|test|33|469557885|0|566794|2079072363|508359707|497732008|37876005|27874883|0|0|1|200417280|0|||0|0|44269343.517|18562599.073|2856848.295|2817|0|0|0|
477|1662809153.935960|2022-09-10 13:25:53.93596+02|16384|test|33|469617075|0|567276|2079714702|508474747|497846918|37935191|27934069|0|0|1|200417280|0|||0|0|44301358.86|18584633.006|2862843.732|2819|0|0|0|
478|1662809154.951272|2022-09-10 13:25:54.951272+02|16384|test|33|469676211|0|567598|2080378359|508597038|497969096|37994323|27993201|0|0|1|200417280|0|||0|0|44333377.231|18606616.386|2868873.007|2821|0|0|0|
479|1662809155.965844|2022-09-10 13:25:55.965844+02|16384|test|33|469718100|0|568080|2080851966|508684730|498056704|38036208|28035086|0|0|1|200417280|0|||0|0|44366393.419|18631887.791|2873504.725|2823|0|0|0|
480|1662809156.980878|2022-09-10 13:25:56.980878+02|16384|test|33|469780019|0|568080|2081534506|508808881|498180746|38098123|28097001|0|0|1|200417280|0|||0|0|44399283.54|18654331.658|2879784.151|2825|0|0|0|
481|1662809157.996063|2022-09-10 13:25:57.996063+02|16384|test|33|469846986|0|568705|2082251539|508938995|498310756|38163059|28161929|0|0|1|200417280|0|||0|0|44435045.449|18678796.378|2886582.129|2827|0|0|0|
482|1662809159.011408|2022-09-10 13:25:59.011408+02|16384|test|33|469911908|0|569249|2082982845|509073286|498444932|38230004|28226862|0|0|1|200417280|0|||0|0|44469861.936|18702689.097|2893138.621|2829|0|0|0|
483|1662809160.025561|2022-09-10 13:26:00.025561+02|16384|test|33|469974806|0|569531|2083670606|509195344|498566878|38290871|28291776|0|0|1|200417280|0|||0|0|44503307.856|18725509.568|2899527.899|2831|0|0|0|
484|1662809161.039410|2022-09-10 13:26:01.03941+02|16384|test|33|470024637|0|569995|2084196706|509290461|498661892|38342725|28338634|0|0|1|200417280|0|||0|0|44536397.585|18749417.683|2905038.778|2833|0|0|0|
485|1662809162.054718|2022-09-10 13:26:02.054718+02|16384|test|33|470082383|0|569995|2084871963|509415207|498786494|38400467|28399345|0|0|1|200417280|0|||0|0|44567412.949|18770680.801|2910901.802|2835|0|0|0|
486|1662809163.069307|2022-09-10 13:26:03.069307+02|16384|test|33|470143420|0|570571|2085545916|509537595|498908772|38461500|28460378|0|0|1|200417280|0|||0|0|44600430.365|18793381.869|2917106.197|2837|0|0|0|
487|1662809164.080900|2022-09-10 13:26:04.0809+02|16384|test|33|470202948|0|570773|2086183814|509653176|499024244|38521024|28518025|0|0|1|200417280|0|||0|0|44632446.486|18815402.165|2923105.79|2839|0|0|0|
488|1662809165.094545|2022-09-10 13:26:05.094545+02|16384|test|33|470262538|0|571119|2086860712|509776486|499147416|38580610|28579488|0|0|1|200417280|0|||0|0|44664465.415|18837387.072|2929132.291|2841|0|0|0|
489|1662809166.108282|2022-09-10 13:26:06.108282+02|16384|test|33|470301756|0|571823|2087294529|509855210|499226056|38619824|28618702|0|0|1|200417280|0|||0|0|44696480.13|18862118.942|2933500.243|2843|0|0|0|
490|1662809167.123442|2022-09-10 13:26:07.123442+02|16384|test|33|470364343|0|571823|2087984464|509980701|499351434|38682407|28681285|0|0|1|200417280|0|||0|0|44730157.27|18885187.451|2939881.041|2845|0|0|0|
491|1662809168.137843|2022-09-10 13:26:08.137843+02|16384|test|33|470431329|0|572390|2088689840|510106827|499477442|38747363|28746243|0|0|1|200417280|0|||0|0|44766237.881|18910001.752|2946646.716|2847|0|0|0|
492|1662809169.153089|2022-09-10 13:26:09.153089+02|16384|test|33|470494192|0|572652|2089378858|510228675|499599170|38810200|28811126|0|0|1|200417280|0|||0|0|44800100.165|18933230.372|2953036.741|2849|0|0|0|
493|1662809170.168043|2022-09-10 13:26:10.168043+02|16384|test|33|470557141|0|573488|2090103084|510367287|499737642|38873140|28872014|0|0|1|200417280|0|||0|0|44834881.087|18957417.851|2959397.044|2851|0|0|0|
494|1662809171.181563|2022-09-10 13:26:11.181563+02|16384|test|33|470610791|0|573488|2090684851|510468700|499838952|38927310|28927717|0|0|1|200417280|0|||0|0|44869144.097|18982119.901|2965128.411|2853|0|0|0|
495|1662809172.194873|2022-09-10 13:26:12.194873+02|16384|test|33|470669512|0|574002|2091353153|510592645|499962792|38987556|28986434|0|0|1|200417280|0|||0|0|44901161.708|19004266.337|2971053.628|2855|0|0|0|
496|1662809173.210204|2022-09-10 13:26:13.210204+02|16384|test|33|470728489|0|574264|2092003834|510710900|500080950|39046529|29045407|0|0|1|200417280|0|||0|0|44933177.827|19026334.852|2977030.882|2857|0|0|0|
497|1662809174.225821|2022-09-10 13:26:14.225821+02|16384|test|33|470787571|0|574490|2092655928|510829376|500199318|39105607|29104485|0|0|1|200417280|0|||0|0|44965194.521|19048383.465|2983018.33|2859|0|0|0|
498|1662809175.240573|2022-09-10 13:26:15.240573+02|16384|test|33|470844588|0|574855|2093272415|510939957|500309798|39160750|29161498|0|0|1|200417280|0|||0|0|44996212.048|19069785.202|2988793.122|2861|0|0|0|
499|1662809176.255072|2022-09-10 13:26:16.255072+02|16384|test|33|470886653|0|575440|2093750620|511028120|500397890|39204681|29203559|0|0|1|200417280|0|||0|0|45029228.707|19094938.129|2993500.706|2863|0|0|0|
500|1662809177.269996|2022-09-10 13:26:17.269996+02|16384|test|33|470950775|0|575564|2094450096|511156680|500526338|39268799|29265679|0|0|1|200417280|0|||0|0|45063616.492|19118486.808|3000023.75|2865|0|0|0|
501|1662809178.285422|2022-09-10 13:26:18.285422+02|16384|test|33|471015711|0|575928|2095152089|511282733|500652286|39331690|29330545|0|0|1|200417280|0|||0|0|45098748.795|19142593.828|3006656.095|2867|0|0|0|
502|1662809179.300821|2022-09-10 13:26:19.300821+02|16384|test|33|471078599|0|576352|2095859054|511412958|500782394|39394620|29393430|0|0|1|200417280|0|||0|0|45132697.185|19165935.396|3013023.372|2869|0|0|0|
503|1662809180.315390|2022-09-10 13:26:20.31539+02|16384|test|33|471139228|0|576837|2096509540|511530886|500900212|39453533|29452487|0|0|1|200417280|0|||0|0|45165821.635|19188445.12|3019399.539|2871|0|0|0|
504|1662809181.329603|2022-09-10 13:26:21.329603+02|16384|test|33|471186368|0|577119|2097059098|511629094|500998340|39504376|29503254|0|0|1|200417280|0|||0|0|45197837.022|19212196.475|3024345.361|2873|0|0|0|
505|1662809182.344936|2022-09-10 13:26:22.344936+02|16384|test|33|471243602|0|577543|2097691003|511743861|501113012|39561606|29560484|0|0|1|200417280|0|||0|0|45228852.858|19233561.763|3030146.164|2875|0|0|0|
506|1662809183.360355|2022-09-10 13:26:23.360355+02|16384|test|33|471304449|0|577745|2098362334|511865878|501234910|39622449|29621327|0|0|1|200417280|0|||0|0|45261870.539|19256324.079|3036307.7|2877|0|0|0|
507|1662809184.375726|2022-09-10 13:26:24.375726+02|16384|test|33|471361188|0|578231|2098971142|511976062|501345012|39679184|29676272|0|0|1|200417280|0|||0|0|45292885.528|19277751.884|3042068.567|2879|0|0|0|
508|1662809185.390557|2022-09-10 13:26:25.390557+02|16384|test|33|471420409|0|578735|2099643051|512098404|501467238|39738401|29737279|0|0|1|200417280|0|||0|0|45325912.197|19300622.883|3048197.693|2881|0|0|0|
509|1662809186.405655|2022-09-10 13:26:26.405655+02|16384|test|33|471469319|0|578917|2100182773|512196507|501565262|39787307|29786185|0|0|1|200417280|0|||0|0|45357928.688|19323852.961|3053470.919|2883|0|0|0|
510|1662809187.420624|2022-09-10 13:26:27.420624+02|16384|test|33|471527690|0|579361|2100827266|512313558|501682208|39845674|29844552|0|0|1|200417280|0|||0|0|45389944.943|19345889.755|3059486.863|2885|0|0|0|
511|1662809188.431652|2022-09-10 13:26:28.431652+02|16384|test|33|471584761|0|579664|2101457233|512427993|501796554|39902741|29901619|0|0|1|200417280|0|||0|0|45420956.654|19367313.835|3065243.798|2887|0|0|0|
512|1662809189.443298|2022-09-10 13:26:29.443298+02|16384|test|33|471642090|0|580009|2102088153|512542943|501911416|39958188|29958944|0|0|1|200417280|0|||0|0|45451970.116|19388694.783|3071021.541|2889|0|0|0|
513|1662809190.458508|2022-09-10 13:26:30.458508+02|16384|test|33|471704780|0|580314|2102782034|512668631|502037000|40022752|30021630|0|0|1|200417280|0|||0|0|45485985.62|19412136.197|3077377.56|2891|0|0|0|
514|1662809191.471788|2022-09-10 13:26:31.471788+02|16384|test|33|471744862|0|580580|2103212818|512746612|502114910|40062830|30060481|0|0|1|200417280|0|||0|0|45517999.15|19436645.216|3081892.735|2893|0|0|0|
515|1662809192.487217|2022-09-10 13:26:32.487217+02|16384|test|33|471803723|0|580982|2103874664|512867102|502235294|40121687|30120565|0|0|1|200417280|0|||0|0|45550014.267|19458759.949|3087836.571|2895|0|0|0|
516|1662809193.502698|2022-09-10 13:26:33.502698+02|16384|test|33|471862360|0|581326|2104521928|512984667|502352772|40180320|30179198|0|0|1|200417280|0|||0|0|45582030.05|19480831.595|3093818.472|2897|0|0|0|
517|1662809194.517811|2022-09-10 13:26:34.517811+02|16384|test|33|471920865|0|581751|2105130958|513098152|502466160|40236908|30231849|0|0|1|200417280|0|||0|0|45613662.235|19502557.068|3099777.09|2899|0|0|0|
518|1662809195.532906|2022-09-10 13:26:35.532906+02|16384|test|33|471983636|0|582177|2105852779|513227820|502595732|40301588|30298427|0|0|1|200417280|0|||0|0|45647624.042|19525940.047|3106131.366|2901|0|0|0|
519|1662809196.546691|2022-09-10 13:26:36.546691+02|16384|test|33|472036423|0|582479|2106442096|513333694|502701510|40352937|30353249|0|0|1|200417280|0|||0|0|45682934.892|19551640.639|3111879.848|2903|0|0|0|
520|1662809197.561829|2022-09-10 13:26:37.561829+02|16384|test|33|472095037|0|582983|2107090742|513451224|502818942|40412981|30411859|0|0|1|200417280|0|||0|0|45714949.487|19573841.317|3117757.735|2905|0|0|0|
521|1662809198.576459|2022-09-10 13:26:38.576459+02|16384|test|33|472153558|0|583189|2107736882|513568561|502936188|40471498|30470376|0|0|1|200417280|0|||0|0|45746967.402|19596058.456|3123629.466|2907|0|0|0|
522|1662809199.591931|2022-09-10 13:26:39.591931+02|16384|test|33|472210326|0|583634|2108341642|513678659|503046220|40524545|30525327|0|0|1|200417280|0|||0|0|45777984.381|19617535.672|3129357.78|2909|0|0|0|
523|1662809200.607086|2022-09-10 13:26:40.607086+02|16384|test|33|472270581|0|583917|2109028682|513803192|503170642|40588513|30587391|0|0|1|200417280|0|||0|0|45810999.093|19640359.974|3135486.797|2911|0|0|0|
524|1662809201.621509|2022-09-10 13:26:41.621509+02|16384|test|34|472310222|0|584502|2109450577|513877529|503244692|40626786|30627028|0|0|1|200417280|0|||0|0|45842183.369|19664205.267|3139874.22|2913|0|0|0|
525|1662809202.636740|2022-09-10 13:26:42.63674+02|16384|test|34|472375065|0|584664|2110193713|514014831|503380402|40692989|30691867|0|0|1|200417280|0|||0|0|45879087.934|19690187.83|3146393.482|2915|0|0|0|
526|1662809203.651457|2022-09-10 13:26:43.651457+02|16384|test|34|472433289|0|585030|2110836737|514131576|503497054|40751209|30750087|0|0|1|200417280|0|||0|0|45911211.487|19712503.924|3152266.449|2917|0|0|0|
527|1662809204.667029|2022-09-10 13:26:44.667029+02|16384|test|33|472496148|0|585455|2111641586|514250238|503612484|40812181|30809135|0|0|1|200417280|0|||0|0|45945507.383|19736210.911|3158611.018|2919|0|0|0|
528|1662809205.683407|2022-09-10 13:26:45.683407+02|16384|test|33|472559006|0|585801|2112386018|514387846|503749704|40874907|30875799|0|0|1|200417280|0|||0|0|45978863.497|19758935.437|3165007.791|2921|0|0|0|
529|1662809206.700771|2022-09-10 13:26:46.700771+02|16384|test|33|472608234|0|586208|2112932218|514486595|503848364|40926135|30925023|0|0|1|200417280|0|||0|0|46010957.275|19781992.308|3170412.35|2923|0|0|0|
530|1662809207.716246|2022-09-10 13:26:47.716246+02|16384|test|33|472674953|0|586613|2113666600|514620368|503982006|40990788|30991738|0|0|1|200417280|0|||0|0|46043972.031|19803811.289|3177130.633|2925|0|0|0|
531|1662809208.731587|2022-09-10 13:26:48.731587+02|16384|test|33|472730764|0|586858|2114282906|514732299|504093832|41046595|31047545|0|0|1|200417280|0|||0|0|46073989.678|19824393.489|3182805.13|2927|0|0|0|
532|1662809209.746738|2022-09-10 13:26:49.746738+02|16384|test|33|472792816|0|587301|2114967865|514856715|504218140|41108782|31109593|0|0|1|200417280|0|||0|0|46107006.306|19846919.621|3189117.205|2929|0|0|0|
533|1662809210.761927|2022-09-10 13:26:50.761927+02|16384|test|33|472852279|0|587303|2115613068|514972279|504333604|41168369|31169052|0|0|1|200417280|0|||0|0|46139023.682|19868813.918|3195214.389|2931|0|0|0|
534|1662809211.777255|2022-09-10 13:26:51.777255+02|16384|test|33|472895433|0|588231|2116103573|515062555|504423782|41213314|31212202|0|0|1|200417280|0|||0|0|46172039.526|19893848.674|3199981.594|2933|0|0|0|
535|1662809212.792346|2022-09-10 13:26:52.792346+02|16384|test|33|472955609|0|588393|2116767421|515183232|504544338|41273486|31272374|0|0|1|200417280|0|||0|0|46204057.179|19915731.808|3206080.281|2935|0|0|0|
536|1662809213.807544|2022-09-10 13:26:53.807544+02|16384|test|33|473013719|0|588836|2117390517|515296054|504657058|41331592|31328619|0|0|1|200417280|0|||0|0|46235207.748|19937097.131|3211956.426|2937|0|0|0|
537|1662809214.822990|2022-09-10 13:26:54.82299+02|16384|test|33|473078507|0|589118|2118123835|515429656|504790542|41396376|31395264|0|0|1|200417280|0|||0|0|46269469.758|19960378.098|3218566.907|2939|0|0|0|
538|1662809215.838633|2022-09-10 13:26:55.838633+02|16384|test|33|473139399|0|589321|2118785610|515551759|504912530|41455234|31454109|0|0|1|200417280|0|||0|0|46301975.021|19982575.56|3224773.364|2941|0|0|0|
539|1662809216.854606|2022-09-10 13:26:56.854606+02|16384|test|33|473193845|0|590184|2119397332|515660944|505021626|41511706|31510594|0|0|1|200417280|0|||0|0|46337239.157|20007923.95|3230718.746|2943|0|0|0|
540|1662809217.869899|2022-09-10 13:26:57.869899+02|16384|test|33|473250207|0|590466|2120019221|515773965|505134554|41568064|31566952|0|0|1|200417280|0|||0|0|46367256.059|20028469.227|3236408.854|2945|0|0|0|
541|1662809218.885740|2022-09-10 13:26:58.88574+02|16384|test|33|473311920|0|590790|2120698345|515897704|505258184|41627878|31628661|0|0|1|200417280|0|||0|0|46400273.229|20051115.718|3242641.529|2947|0|0|0|
542|1662809219.901240|2022-09-10 13:26:59.90124+02|16384|test|33|473371178|0|591096|2121352443|516016522|505376904|41687147|31687915|0|0|1|200417280|0|||0|0|46432288.558|20073020.929|3248729.751|2949|0|0|0|
543|1662809220.916717|2022-09-10 13:27:00.916717+02|16384|test|33|473433100|0|591422|2122038098|516140680|505500952|41750945|31749833|0|0|1|200417280|0|||0|0|46465305.853|20095615.411|3254992.999|2951|0|0|0|
544|1662809221.932738|2022-09-10 13:27:01.932738+02|16384|test|33|473473461|0|591936|2122476356|516219135|505579328|41791302|31790190|0|0|1|200417280|0|||0|0|46496323.273|20119118.351|3259505.699|2953|0|0|0|
545|1662809222.947749|2022-09-10 13:27:02.947749+02|16384|test|33|473533257|0|592338|2123142004|516341581|505701674|41849243|31849982|0|0|1|200417280|0|||0|0|46528532.378|20141223.465|3265580.63|2955|0|0|0|
546|1662809223.963776|2022-09-10 13:27:03.963776+02|16384|test|33|473600132|0|592540|2123863177|516475640|505835628|41915967|31912781|0|0|1|200417280|0|||0|0|46563910.574|20165290.976|3272386.488|2957|0|0|0|
547|1662809224.979924|2022-09-10 13:27:04.979924+02|16384|test|33|473659073|0|592844|2124515756|516589728|505949604|41972845|31975790|0|0|1|200417280|0|||0|0|46595184.021|20186688.313|3278316.6|2959|0|0|0|
548|1662809225.994727|2022-09-10 13:27:05.994727+02|16384|test|33|473659077|0|592844|2124516211|516589942|505949816|41972845|31975790|0|0|1|200417280|0|||0|0|46595192.113|20186691.817|3278316.6|2961|0|0|0|
549|1662809227.006728|2022-09-10 13:27:07.006728+02|16384|test|33|473723920|0|593348|2125248600|516724065|506083816|42041741|32040629|0|0|1|200417280|0|||0|0|46629555.712|20210087.634|3284920.156|2963|0|0|0|
550|1662809228.022484|2022-09-10 13:27:08.022484+02|16384|test|33|473775780|0|593791|2125811750|516824960|506184626|42093597|32092485|0|0|1|200417280|0|||0|0|46662794.675|20233996.893|3290531.795|2965|0|0|0|
551|1662809229.038669|2022-09-10 13:27:09.038669+02|16384|test|33|473838870|0|594073|2126496696|516950834|506310404|42154791|32153741|0|0|1|200417280|0|||0|0|46696813.173|20257377.277|3296922.417|2967|0|0|0|
552|1662809230.054059|2022-09-10 13:27:10.054059+02|16384|test|33|473959350|0|594719|2127835161|517192204|506551562|42277159|32276047|0|0|1|200417280|0|||0|0|46760834.506|20301173.134|3309073.078|2969|0|0|0|
553|1662809231.069504|2022-09-10 13:27:11.069504+02|16384|test|33|474017313|0|595145|2128475442|517308471|506667714|42335118|32334006|0|0|1|200417280|0|||0|0|46791847.389|20322418.14|3314938.58|2971|0|0|0|
554|1662809232.084472|2022-09-10 13:27:12.084472+02|16384|test|33|474061020|0|595208|2128967883|517399879|506759036|42377540|32377709|0|0|1|200417280|0|||0|0|46824865.696|20347433.816|3319719.272|2973|0|0|0|
555|1662809233.100072|2022-09-10 13:27:13.100072+02|16384|test|33|474121231|0|595871|2129633986|517520630|506879662|42439028|32437916|0|0|1|200417280|0|||0|0|46856882.372|20369309.237|3325818.752|2975|0|0|0|
556|1662809234.115324|2022-09-10 13:27:14.115324+02|16384|test|33|474178831|0|596355|2130249868|517636143|506995066|42492722|32491482|0|0|1|200417280|0|||0|0|46887085.9|20389880.041|3331605.357|2977|0|0|0|
557|1662809235.130473|2022-09-10 13:27:15.130473+02|16384|test|33|474178835|0|596355|2130250323|517636357|506995278|42492722|32491482|0|0|1|200417280|0|||0|0|46887094.185|20389883.44|3331605.357|2979|0|0|0|
558|1662809236.141639|2022-09-10 13:27:16.141639+02|16384|test|33|474245540|0|596559|2130994348|517770098|507128892|42559267|32560196|0|0|1|200417280|0|||0|0|46922183.237|20413742.218|3338350.342|2981|0|0|0|
559|1662809237.154950|2022-09-10 13:27:17.15495+02|16384|test|33|474314570|0|597046|2131756949|517904462|507263148|42632351|32631239|0|0|1|200417280|0|||0|0|46956423.532|20436487.522|3345236.714|2983|0|0|0|
560|1662809238.170330|2022-09-10 13:27:18.17033+02|16384|test|33|474441353|0|597916|2133168130|518162461|507520926|42759130|32758018|0|0|1|200417280|0|||0|0|47020447.503|20478896.947|3358190.575|2985|0|0|0|
561|1662809239.186038|2022-09-10 13:27:19.186038+02|16384|test|33|474506560|0|598260|2133887819|518293192|507651544|42824333|32823221|0|0|1|200417280|0|||0|0|47052463.294|20500058.437|3364690.157|2987|0|0|0|
562|1662809240.201163|2022-09-10 13:27:20.201163+02|16384|test|33|474571622|0|598686|2134606292|518423640|507781872|42889391|32888279|0|0|1|200417280|0|||0|0|47084478.062|20521274.881|3371147.098|2989|0|0|0|
563|1662809241.213104|2022-09-10 13:27:21.213104+02|16384|test|33|474637217|0|599112|2135316212|518551051|507909176|42952945|32953870|0|0|1|200417280|0|||0|0|47116492.732|20542384.628|3377673.808|2991|0|0|0|
564|1662809242.226910|2022-09-10 13:27:22.22691+02|16384|test|33|474695455|0|599576|2135973525|518671897|508029946|43013216|33012104|0|0|1|200417280|0|||0|0|47148507.23|20564264.048|3383762.149|2993|0|0|0|
565|1662809243.242156|2022-09-10 13:27:23.242156+02|16384|test|33|474760293|0|600078|2136689016|518801874|508159826|43078050|33076938|0|0|1|200417280|0|||0|0|47180522.997|20585324.135|3390335.642|2995|0|0|0|
566|1662809244.257878|2022-09-10 13:27:24.257878+02|16384|test|33|474825682|0|600340|2137410419|518932964|508290808|43143435|33142323|0|0|1|200417280|0|||0|0|47212540.909|20606403.738|3396893.752|2997|0|0|0|
567|1662809245.273539|2022-09-10 13:27:25.273539+02|16384|test|33|474890811|0|600662|2138128993|519063533|508421270|43208560|33207448|0|0|1|200417280|0|||0|0|47244559.783|20627547.378|3403410.178|2999|0|0|0|
568|1662809246.288298|2022-09-10 13:27:26.288298+02|16384|test|33|474955804|0|601047|2138846717|519193835|508551460|43273549|33272437|0|0|1|200417280|0|||0|0|47276574.014|20648695.981|3409924.039|3001|0|0|0|
569|1662809247.301485|2022-09-10 13:27:27.301485+02|16384|test|33|475011570|0|601531|2139462502|519305656|508663196|43329311|33328199|0|0|1|200417280|0|||0|0|47308587.613|20670826.936|3415850.563|3003|0|0|0|
570|1662809248.316241|2022-09-10 13:27:28.316241+02|16384|test|33|475072253|0|602075|2140132545|519427323|508784766|43389990|33388878|0|0|1|200417280|0|||0|0|47340605.328|20692597.333|3422012.102|3005|0|0|0|
571|1662809249.331483|2022-09-10 13:27:29.331483+02|16384|test|33|475137445|0|602218|2140851647|519558046|508915354|43455178|33454066|0|0|1|200417280|0|||0|0|47372619.976|20713716.394|3428540.625|3007|0|0|0|
572|1662809250.347035|2022-09-10 13:27:30.347035+02|16384|test|33|475201770|0|603062|2141562120|519687004|509044208|43519499|33518387|0|0|1|200417280|0|||0|0|47404634.74|20734979.042|3434981.27|3009|0|0|0|
573|1662809251.362846|2022-09-10 13:27:31.362846+02|16384|test|33|475266947|0|603062|2142280628|519817682|509174766|43584672|33583560|0|0|1|200417280|0|||0|0|47436649.775|20756070.496|3441527.155|3011|0|0|0|
574|1662809252.378668|2022-09-10 13:27:32.378668+02|16384|test|33|475321247|0|603666|2142880447|519926563|509283570|43638968|33637856|0|0|1|200417280|0|||0|0|47468666.274|20778515.897|3447261.37|3013|0|0|0|
575|1662809253.393943|2022-09-10 13:27:33.393943+02|16384|test|33|475380877|0|604008|2143538449|520046139|509403034|43698594|33697482|0|0|1|200417280|0|||0|0|47500682.92|20800339.132|3453397.758|3015|0|0|0|
576|1662809254.409010|2022-09-10 13:27:34.40901+02|16384|test|33|475441119|0|604450|2144203213|520166917|509523722|43758832|33757720|0|0|1|200417280|0|||0|0|47532699.623|20822187.7|3459507.748|3017|0|0|0|
577|1662809255.423869|2022-09-10 13:27:35.423869+02|16384|test|33|475502073|0|604675|2144875862|520289113|509645834|43819782|33818670|0|0|1|200417280|0|||0|0|47564716.843|20843948.621|3465669.068|3019|0|0|0|
578|1662809256.439539|2022-09-10 13:27:36.439539+02|16384|test|33|475565855|0|605222|2145580506|520416969|509773602|43883560|33882448|0|0|1|200417280|0|||0|0|47596733.395|20865261.393|3472093.561|3021|0|0|0|
579|1662809257.454505|2022-09-10 13:27:37.454505+02|16384|test|33|475617898|0|605504|2146138621|520518070|509874636|43935599|33932874|0|0|1|200417280|0|||0|0|47628758.485|20888187.757|3477567.248|3023|0|0|0|
580|1662809258.469450|2022-09-10 13:27:38.46945+02|16384|test|33|475676045|0|605866|2146789293|520637930|509994390|43993742|33990829|0|0|1|200417280|0|||0|0|47660773.663|20910060.91|3483661.258|3025|0|0|0|
581|1662809259.484665|2022-09-10 13:27:39.484665+02|16384|test|33|475734853|0|606188|2147445344|520755837|510112210|44052546|34051434|0|0|1|200417280|0|||0|0|47691791.025|20931109.904|3489669.71|3027|0|0|0|
582|1662809260.499688|2022-09-10 13:27:40.499688+02|16384|test|33|475797842|0|606433|2148140531|520882119|510238392|44115531|34114419|0|0|1|200417280|0|||0|0|47724805.652|20953570.944|3496006.994|3029|0|0|0|
583|1662809261.514793|2022-09-10 13:27:41.514793+02|16384|test|34|475858120|0|606817|2148805917|521002970|510359152|44175805|34174693|0|0|1|200417280|0|||0|0|47756820.02|20975389.718|3502151.653|3031|0|0|0|
584|1662809262.530807|2022-09-10 13:27:42.530807+02|16384|test|33|475908165|0|607171|2149435582|521107602|510460039|44224225|34224738|0|0|1|200417280|0|||0|0|47787856.224|20997566.752|3507459.149|3033|0|0|0|
585|1662809263.546081|2022-09-10 13:27:43.546081+02|16384|test|33|475958528|0|607774|2149998150|521209616|510561265|44276199|34275097|0|0|1|200417280|0|||0|0|47819872.733|21020754.027|3512753.922|3035|0|0|0|
586|1662809264.561589|2022-09-10 13:27:44.561589+02|16384|test|33|476018941|0|607976|2150664829|521330807|510682304|44336608|34335506|0|0|1|200417280|0|||0|0|47851887.884|21042599.983|3518863.491|3037|0|0|0|
587|1662809265.577210|2022-09-10 13:27:45.57721+02|16384|test|33|476081297|0|608380|2151353257|521455842|510807220|44398960|34397858|0|0|1|200417280|0|||0|0|47884903.708|21065109.447|3525181.337|3039|0|0|0|
588|1662809266.592440|2022-09-10 13:27:46.59244+02|16384|test|33|476141767|0|608827|2152021192|521577088|510928364|44459426|34458324|0|0|1|200417280|0|||0|0|47916919.028|21086909.049|3531327.646|3041|0|0|0|
589|1662809267.607052|2022-09-10 13:27:47.607052+02|16384|test|33|476198111|0|609230|2152623374|521686516|511037704|44513936|34512825|0|0|1|200417280|0|||0|0|47948488.066|21108745.899|3537185.25|3043|0|0|0|
590|1662809268.622707|2022-09-10 13:27:48.622707+02|16384|test|33|476253142|0|609534|2153240615|521797011|511148086|44570793|34569691|0|0|1|200417280|0|||0|0|47981535.614|21132029.892|3543048.213|3045|0|0|0|
591|1662809269.638105|2022-09-10 13:27:49.638105+02|16384|test|33|476313390|0|609938|2153916036|521921252|511272222|44631037|34629935|0|0|1|200417280|0|||0|0|48013552.436|21153862.919|3549171.585|3047|0|0|0|
592|1662809270.653893|2022-09-10 13:27:50.653893+02|16384|test|33|476373576|0|610302|2154580422|522041930|511392798|44691219|34690117|0|0|1|200417280|0|||0|0|48045570.114|21175708.35|3555283.094|3049|0|0|0|
593|1662809271.668998|2022-09-10 13:27:51.668998+02|16384|test|33|476432110|0|610787|2155222966|522159306|511510070|44745962|34748647|0|0|1|200417280|0|||0|0|48076583.996|21196811.96|3561244.801|3051|0|0|0|
594|1662809272.683573|2022-09-10 13:27:52.683573+02|16384|test|33|476494281|0|611070|2155912923|522283966|511634616|44811916|34810814|0|0|1|200417280|0|||0|0|48109598.976|21219366.346|3567528.243|3053|0|0|0|
595|1662809273.698116|2022-09-10 13:27:53.698116+02|16384|test|33|476537450|0|611372|2156389505|522370589|511721158|44855081|34853979|0|0|1|200417280|0|||0|0|48141612.881|21243311.174|3572390.576|3055|0|0|0|
596|1662809274.712888|2022-09-10 13:27:54.712888+02|16384|test|33|476598752|0|611776|2157066235|522493501|511843966|44916379|34915277|0|0|1|200417280|0|||0|0|48173629.954|21265057.223|3578554.151|3057|0|0|0|
597|1662809275.728116|2022-09-10 13:27:55.728116+02|16384|test|33|476659921|0|612020|2157741372|522616166|511966508|44977544|34976442|0|0|1|200417280|0|||0|0|48205644.89|21286721.436|3584781.114|3059|0|0|0|
598|1662809276.743335|2022-09-10 13:27:56.743335+02|16384|test|33|476723943|0|612564|2158448217|522744521|512094756|45041562|35040460|0|0|1|200417280|0|||0|0|48237660.001|21307858.196|3591313.197|3061|0|0|0|
599|1662809277.759004|2022-09-10 13:27:57.759004+02|16384|test|33|476789449|0|612828|2159171120|522875863|512225972|45107064|35105962|0|0|1|200417280|0|||0|0|48269673.921|21328909.35|3597881.972|3063|0|0|0|
600|1662809278.774638|2022-09-10 13:27:58.774638+02|16384|test|33|476848993|0|613237|2159828886|522995247|512345264|45166604|35165502|0|0|1|200417280|0|||0|0|48301689.462|21350399.776|3604192.39|3065|0|0|0|
601|1662809279.790064|2022-09-10 13:27:59.790064+02|16384|test|33|476914410|0|613781|2160551157|523126400|512476302|45232017|35230915|0|0|1|200417280|0|||0|0|48333704.104|21371531.828|3610699.947|3067|0|0|0|
602|1662809280.805587|2022-09-10 13:28:00.805587+02|16384|test|33|476979673|0|614309|2161263947|523257220|512607032|45297276|35294133|0|0|1|200417280|0|||0|0|48365722.786|21392622.826|3617249.723|3069|0|0|0|
603|1662809281.821053|2022-09-10 13:28:01.821053+02|16384|test|33|477044941|0|614473|2161992302|523388081|512737772|45362540|35361438|0|0|1|200417280|0|||0|0|48397738.444|21413681.032|3623816.259|3071|0|0|0|
604|1662809282.836132|2022-09-10 13:28:02.836132+02|16384|test|33|477110420|0|614919|2162715398|523519372|512868934|45428015|35426913|0|0|1|200417280|0|||0|0|48429754.521|21434712.26|3630396.138|3073|0|0|0|
605|1662809283.852178|2022-09-10 13:28:03.852178+02|16384|test|33|477170611|0|615306|2163380086|523640042|512989520|45488202|35487100|0|0|1|200417280|0|||0|0|48462017.688|21456486.064|3636710.738|3075|0|0|0|
606|1662809284.867329|2022-09-10 13:28:04.867329+02|16384|test|33|477235920|0|615690|2164101001|523770974|513120342|45553507|35552405|0|0|1|200417280|0|||0|0|48494031.909|21477607.941|3643223.634|3077|0|0|0|
607|1662809285.882687|2022-09-10 13:28:05.882687+02|16384|test|33|477300520|0|616234|2164814188|523900480|513249746|45618103|35617001|0|0|1|200417280|0|||0|0|48526142.678|21498772.203|3649798.644|3079|0|0|0|
608|1662809286.898165|2022-09-10 13:28:06.898165+02|16384|test|33|477365417|0|616520|2165530617|524030577|513379744|45682996|35681894|0|0|1|200417280|0|||0|0|48558201.409|21519913.864|3656337.825|3081|0|0|0|
609|1662809287.913034|2022-09-10 13:28:07.913034+02|16384|test|33|477424315|0|617267|2166168899|524144504|513493582|45741890|35740788|0|0|1|200417280|0|||0|0|48587231.257|21539124.204|3662205.807|3083|0|0|0|
610|1662809288.927593|2022-09-10 13:28:08.927593+02|16384|test|33|477491356|0|617669|2166921442|524283076|513632030|45808927|35807825|0|0|1|200417280|0|||0|0|48622247.321|21562369.13|3669316.658|3085|0|0|0|
611|1662809289.943158|2022-09-10 13:28:09.943158+02|16384|test|33|477556284|0|618111|2167637907|524413252|513762090|45873851|35872749|0|0|1|200417280|0|||0|0|48654262.85|21583533.77|3675810.186|3087|0|0|0|
612|1662809290.959089|2022-09-10 13:28:10.959089+02|16384|test|33|477621499|0|618173|2168354943|524543985|513892724|45937045|35937960|0|0|1|200417280|0|||0|0|48686279.812|21604631.751|3682346.896|3089|0|0|0|
613|1662809291.974420|2022-09-10 13:28:11.97442+02|16384|test|33|477686712|0|618619|2169077079|524674721|514023354|46004271|36003169|0|0|1|200417280|0|||0|0|48718297.019|21625729.898|3688887.22|3091|0|0|0|
614|1662809292.990016|2022-09-10 13:28:12.990016+02|16384|test|33|477751743|0|619085|2169795361|524805097|514153620|46069298|36068196|0|0|1|200417280|0|||0|0|48750312.777|21646829.696|3695435.715|3093|0|0|0|
615|1662809294.005247|2022-09-10 13:28:14.005247+02|16384|test|33|477809298|0|619447|2170428617|524920497|514268934|46125029|36125747|0|0|1|200417280|0|||0|0|48781327.602|21667629.24|3701583.126|3095|0|0|0|
616|1662809295.020901|2022-09-10 13:28:15.020901+02|16384|test|33|477876333|0|619870|2171170306|525054880|514403208|46193880|36192778|0|0|1|200417280|0|||0|0|48814343.152|21689410.943|3708313.89|3097|0|0|0|
617|1662809296.036127|2022-09-10 13:28:16.036127+02|16384|test|33|477939619|0|620354|2171869036|525181740|514529984|46257162|36256060|0|0|1|200417280|0|||0|0|48845359.258|21709767.551|3714712.268|3099|0|0|0|
618|1662809297.051869|2022-09-10 13:28:17.051869+02|16384|test|33|478007025|0|620663|2172613328|525316873|514665000|46324564|36323462|0|0|1|200417280|0|||0|0|48878376.098|21731471.205|3721495.681|3101|0|0|0|
619|1662809298.066960|2022-09-10 13:28:18.06696+02|16384|test|33|478072425|0|621107|2173335252|525447985|514796004|46389960|36388858|0|0|1|200417280|0|||0|0|48910393.293|21752551.461|3728050.563|3103|0|0|0|
620|1662809299.082243|2022-09-10 13:28:19.082243+02|16384|test|33|478130943|0|621754|2173982083|525565320|514913244|46448474|36447372|0|0|1|200417280|0|||0|0|48942408.913|21774274.722|3734199.065|3105|0|0|0|
621|1662809300.097820|2022-09-10 13:28:20.09782+02|16384|test|33|478196357|0|621816|2174691370|525692421|515040264|46513884|36512782|0|0|1|200417280|0|||0|0|48974424.648|21795276.459|3740803.026|3107|0|0|0|
622|1662809301.112678|2022-09-10 13:28:21.112678+02|16384|test|33|478261322|0|622400|2175420679|525826674|515174410|46578845|36577743|0|0|1|200417280|0|||0|0|49006439.605|21816426.872|3747309.822|3109|0|0|0|
623|1662809302.128186|2022-09-10 13:28:22.128186+02|16384|test|33|478324218|0|622644|2176114791|525952766|515300406|46641737|36640635|0|0|1|200417280|0|||0|0|49037457.067|21836883.055|3753639.115|3111|0|0|0|
624|1662809303.143872|2022-09-10 13:28:23.143872+02|16384|test|33|478391032|0|623028|2176852368|526086708|515434238|46708547|36707445|0|0|1|200417280|0|||0|0|49070472.697|21858676.995|3760366.867|3113|0|0|0|
625|1662809304.159495|2022-09-10 13:28:24.159495+02|16384|test|33|478450412|0|623496|2177508389|526205761|515553202|46767923|36766821|0|0|1|200417280|0|||0|0|49102488.694|21880365.584|3766565.864|3115|0|0|0|
626|1662809305.174643|2022-09-10 13:28:25.174643+02|16384|test|33|478540264|0|624221|2178500097|526385829|515733110|46857771|36856669|0|0|1|200417280|0|||0|0|49146507.639|21909299.105|3775602.761|3117|0|0|0|
627|1662809306.189925|2022-09-10 13:28:26.189925+02|16384|test|33|478605529|0|624668|2179220665|526516659|515863844|46923032|36921930|0|0|1|200417280|0|||0|0|49178523.245|21930327.042|3782194.602|3119|0|0|0|
628|1662809307.205621|2022-09-10 13:28:27.205621+02|16384|test|33|478672840|0|624913|2179963701|526651581|515998670|46990339|36989237|0|0|1|200417280|0|||0|0|49211540.916|21952054.822|3788963.937|3121|0|0|0|
629|1662809308.220464|2022-09-10 13:28:28.220464+02|16384|test|33|478735798|0|625460|2180659016|526777791|516124790|47053293|37052191|0|0|1|200417280|0|||0|0|49243560.447|21973327.018|3795404.91|3123|0|0|0|
630|1662809309.235894|2022-09-10 13:28:29.235894+02|16384|test|33|478835205|0|625886|2181755871|526976970|516323808|47152696|37151594|0|0|1|200417280|0|||0|0|49294582.121|22007218.198|3805699.005|3125|0|0|0|
631|1662809310.251808|2022-09-10 13:28:30.251808+02|16384|test|33|478900390|0|626352|2182475708|527107642|516454382|47217877|37216775|0|0|1|200417280|0|||0|0|49326598.478|22028263.312|3812283.104|3127|0|0|0|
632|1662809311.266751|2022-09-10 13:28:31.266751+02|16384|test|33|478965401|0|626778|2183193569|527237980|516584608|47282884|37281782|0|0|1|200417280|0|||0|0|49358614.021|22049298.365|3818875.478|3129|0|0|0|
633|1662809312.282371|2022-09-10 13:28:32.282371+02|16384|test|33|479030157|0|627384|2183908863|527367800|516714324|47347636|37346534|0|0|1|200417280|0|||0|0|49390629.408|22070430.038|3825397.101|3131|0|0|0|
634|1662809313.296693|2022-09-10 13:28:33.296693+02|16384|test|33|479091986|0|627627|2184591133|527491748|516838186|47409461|37408359|0|0|1|200417280|0|||0|0|49422250.705|22091524.56|3831705.302|3133|0|0|0|
635|1662809314.311962|2022-09-10 13:28:34.311962+02|16384|test|33|479155393|0|627990|2185290726|527618843|516965204|47472864|37471762|0|0|1|200417280|0|||0|0|49455301.851|22113648.082|3838267.901|3135|0|0|0|
636|1662809315.326445|2022-09-10 13:28:35.326445+02|16384|test|33|479220229|0|628352|2186006060|527748820|517095080|47537696|37536594|0|0|1|200417280|0|||0|0|49487318.811|22134735.865|3844820.698|3137|0|0|0|
637|1662809316.342338|2022-09-10 13:28:36.342338+02|16384|test|33|479285353|0|628736|2186712687|527875298|517221482|47602816|37601714|0|0|1|200417280|0|||0|0|49519335.164|22155808.689|3851380.563|3139|0|0|0|
638|1662809317.357266|2022-09-10 13:28:37.357266+02|16384|test|33|479350342|0|629303|2187442541|528009652|517355714|47667801|37666699|0|0|1|200417280|0|||0|0|49551349.06|22176898.699|3857925.737|3141|0|0|0|
639|1662809318.372822|2022-09-10 13:28:38.372822+02|16384|test|33|479414595|0|629667|2188152061|528138439|517484424|47732050|37730948|0|0|1|200417280|0|||0|0|49583366.927|22197924.069|3864532.681|3143|0|0|0|
640|1662809319.386970|2022-09-10 13:28:39.38697+02|16384|test|33|479473701|0|629991|2188804491|528256954|517602840|47791152|37790050|0|0|1|200417280|0|||0|0|49615382.137|22219649.071|3870705.072|3145|0|0|0|
641|1662809320.401814|2022-09-10 13:28:40.401814+02|16384|test|33|479538855|0|630355|2189523608|528387560|517733352|47856302|37855200|0|0|1|200417280|0|||0|0|49647395.98|22240671.552|3877301.685|3147|0|0|0|
642|1662809321.417574|2022-09-10 13:28:41.417574+02|16384|test|34|479603559|0|630939|2190238031|528517274|517862964|47921002|37919900|0|0|1|200417280|0|||0|0|49679411.257|22261822.817|3883811.535|3149|0|0|0|
643|1662809322.433330|2022-09-10 13:28:42.43333+02|16384|test|34|479666936|0|631385|2190953661|528647160|517990306|47984375|37983273|0|0|1|200417280|0|||0|0|49711427.915|22283038.84|3890278.635|3151|0|0|0|
644|1662809323.450303|2022-09-10 13:28:43.450303+02|16384|test|34|479730246|0|631687|2191652273|528774108|518117130|48047681|38046579|0|0|1|200417280|0|||0|0|49743444.542|22304307.848|3896710.085|3153|0|0|0|
645|1662809324.468203|2022-09-10 13:28:44.468203+02|16384|test|34|479787407|0|632089|2192283246|528888741|518231656|48104838|38103736|0|0|1|200417280|0|||0|0|49775462.121|22326179.715|3902783.704|3155|0|0|0|
646|1662809325.483657|2022-09-10 13:28:45.483657+02|16384|test|33|479851346|0|632756|2193158884|529021005|518360546|48168766|38167674|0|0|1|200417280|0|||0|0|49807477.863|22347299.085|3909322.851|3157|0|0|0|
647|1662809326.498893|2022-09-10 13:28:46.498893+02|16384|test|33|479916800|0|632819|2193880989|529152243|518491658|48234216|38233124|0|0|1|200417280|0|||0|0|49839493.188|22368340.463|3915894.656|3159|0|0|0|
648|1662809327.514974|2022-09-10 13:28:47.514974+02|16384|test|33|479981732|0|633204|2194597997|529282460|518621726|48299144|38298052|0|0|1|200417280|0|||0|0|49871509.375|22389451.018|3922426.502|3161|0|0|0|
649|1662809328.529926|2022-09-10 13:28:48.529926+02|16384|test|33|480046421|0|633748|2195312366|529412170|518751308|48363829|38362737|0|0|1|200417280|0|||0|0|49903524.711|22410538.161|3928982.916|3163|0|0|0|
650|1662809329.545426|2022-09-10 13:28:49.545426+02|16384|test|33|480105424|0|634279|2195963969|529530482|518869518|48422828|38421736|0|0|1|200417280|0|||0|0|49935540.636|22432178.999|3935195.455|3165|0|0|0|
651|1662809330.560532|2022-09-10 13:28:50.560532+02|16384|test|33|480170521|0|634635|2196682649|529661034|518999916|48487921|38486829|0|0|1|200417280|0|||0|0|49967558.548|22453252.332|3941755.409|3167|0|0|0|
652|1662809331.575760|2022-09-10 13:28:51.57576+02|16384|test|33|480235595|0|635083|2197401066|529791527|519130268|48552991|38551899|0|0|1|200417280|0|||0|0|49999573.801|22474346.06|3948296.477|3169|0|0|0|
653|1662809332.591402|2022-09-10 13:28:52.591402+02|16384|test|33|480300283|0|635446|2198114813|529921228|519259848|48617675|38616583|0|0|1|200417280|0|||0|0|50031589.706|22495441.105|3954852.915|3171|0|0|0|
654|1662809333.607140|2022-09-10 13:28:53.60714+02|16384|test|33|480365435|0|635729|2198833590|530051842|519390356|48682823|38681731|0|0|1|200417280|0|||0|0|50063604.682|22516460.411|3961452.154|3173|0|0|0|
655|1662809334.622869|2022-09-10 13:28:54.622869+02|16384|test|33|480424179|0|636416|2199482793|530169655|519508048|48741563|38740471|0|0|1|200417280|0|||0|0|50095620.834|22538073.685|3967679.907|3175|0|0|0|
656|1662809335.637659|2022-09-10 13:28:55.637659+02|16384|test|33|480489139|0|636701|2200199654|530299888|519638172|48806519|38805427|0|0|1|200417280|0|||0|0|50127637.866|22559118.593|3974269.989|3177|0|0|0|
657|1662809336.653166|2022-09-10 13:28:56.653166+02|16384|test|33|480554240|0|637103|2200917992|530430409|519768578|48871616|38870524|0|0|1|200417280|0|||0|0|50159654.707|22580152.282|3980865.728|3179|0|0|0|
658|1662809337.668823|2022-09-10 13:28:57.668823+02|16384|test|33|480618762|0|637328|2201630138|530559776|519897826|48936134|38935042|0|0|1|200417280|0|||0|0|50191671.739|22601275.248|3987399.822|3181|0|0|0|
659|1662809338.684805|2022-09-10 13:28:58.684805+02|16384|test|33|480683655|0|638016|2202347230|530689869|520027816|49001023|38999931|0|0|1|200417280|0|||0|0|50223687.831|22622339.304|3993970.899|3183|0|0|0|
660|1662809339.700069|2022-09-10 13:28:59.700069+02|16384|test|33|480742107|0|638259|2202992312|530807096|520144924|49059471|39058379|0|0|1|200417280|0|||0|0|50255703.437|22644247.966|4000049.495|3185|0|0|0|
661|1662809340.715338|2022-09-10 13:29:00.715338+02|16384|test|33|480806988|0|638483|2203708239|530937188|520274890|49124348|39123256|0|0|1|200417280|0|||0|0|50287720.304|22665318.093|4006614.205|3187|0|0|0|
662|1662809341.730469|2022-09-10 13:29:01.730469+02|16384|test|33|480871424|0|638967|2204419442|531066387|520403966|49188780|39187688|0|0|1|200417280|0|||0|0|50319737.088|22686353.858|4013204.203|3189|0|0|0|
663|1662809342.745712|2022-09-10 13:29:02.745712+02|16384|test|33|480936620|0|639331|2205139163|531197090|520534562|49253972|39252880|0|0|1|200417280|0|||0|0|50351752.107|22707398.199|4019786.199|3191|0|0|0|
664|1662809343.760859|2022-09-10 13:29:03.760859+02|16384|test|33|481001859|0|639959|2205859842|531327881|520665244|49319207|39318115|0|0|1|200417280|0|||0|0|50383768.947|22728427.525|4026376.715|3193|0|0|0|
665|1662809344.776505|2022-09-10 13:29:04.776505+02|16384|test|33|481061038|0|640141|2206512696|531446538|520783806|49378382|39377290|0|0|1|200417280|0|||0|0|50415786.419|22750081.011|4032579.689|3195|0|0|0|
666|1662809345.791760|2022-09-10 13:29:05.79176+02|16384|test|33|481125747|0|640645|2207226985|531576248|520913428|49443087|39441995|0|0|1|200417280|0|||0|0|50447802.203|22771239.18|4039084.464|3197|0|0|0|
667|1662809346.806738|2022-09-10 13:29:06.806738+02|16384|test|33|481190674|0|641210|2207943831|531706409|521043486|49508010|39506918|0|0|1|200417280|0|||0|0|50479817.669|22792352.253|4045613.532|3199|0|0|0|
668|1662809347.822503|2022-09-10 13:29:07.822503+02|16384|test|33|481255691|0|641412|2208660994|531836750|521173724|49573023|39571931|0|0|1|200417280|0|||0|0|50511833.983|22813412.577|4052182.53|3201|0|0|0|
669|1662809348.837735|2022-09-10 13:29:08.837735+02|16384|test|33|481320626|0|641758|2209378173|531966935|521303798|49637954|39636862|0|0|1|200417280|0|||0|0|50543850.02|22834481.849|4058755.365|3203|0|0|0|
670|1662809349.852906|2022-09-10 13:29:09.852906+02|16384|test|33|481380856|0|642506|2210043761|532087688|521424462|49698180|39697088|0|0|1|200417280|0|||0|0|50575865.835|22855818.441|4065173.154|3205|0|0|0|
671|1662809350.867841|2022-09-10 13:29:10.867841+02|16384|test|33|481443475|0|642808|2210722144|532209084|521545766|49760795|39759703|0|0|1|200417280|0|||0|0|50606883.428|22876268.062|4071507.749|3207|0|0|0|
672|1662809351.882910|2022-09-10 13:29:11.88291+02|16384|test|33|481507572|0|643010|2211441551|532341710|521678302|49824888|39823796|0|0|1|200417280|0|||0|0|50638898.399|22897302.05|4078098.503|3209|0|0|0|
673|1662809352.898227|2022-09-10 13:29:12.898227+02|16384|test|33|481574499|0|643514|2212180451|532475880|521812360|49891811|39890719|0|0|1|200417280|0|||0|0|50671914.44|22918974.586|4084917.646|3211|0|0|0|
674|1662809353.913845|2022-09-10 13:29:13.913845+02|16384|test|33|481639611|0|643958|2212899203|532606418|521942788|49956919|39955827|0|0|1|200417280|0|||0|0|50703930.668|22940010.394|4091507.472|3213|0|0|0|
675|1662809354.929551|2022-09-10 13:29:14.929551+02|16384|test|33|481702506|0|644281|2213593374|532732519|522068782|50019810|40018718|0|0|1|200417280|0|||0|0|50735952.615|22961047.537|4098110.73|3215|0|0|0|
676|1662809355.944322|2022-09-10 13:29:15.944322+02|16384|test|33|481766407|0|644745|2214298786|532860641|522196788|50083707|40082615|0|0|1|200417280|0|||0|0|50767968.374|22982247.115|4104601.766|3217|0|0|0|
677|1662809356.959402|2022-09-10 13:29:16.959402+02|16384|test|33|481831373|0|645168|2215015770|532990892|522326924|50148669|40147577|0|0|1|200417280|0|||0|0|50799983.229|23003346.63|4111138.952|3219|0|0|0|
678|1662809357.974254|2022-09-10 13:29:17.974254+02|16384|test|33|481896299|0|645434|2215732485|533121048|522456980|50213591|40212499|0|0|1|200417280|0|||0|0|50831997.813|23024403.731|4117717.557|3221|0|0|0|
679|1662809358.989021|2022-09-10 13:29:18.989021+02|16384|test|33|481961626|0|645882|2216454233|533252019|522587838|50278914|40277822|0|0|1|200417280|0|||0|0|50864014.613|23045361.207|4124366.98|3223|0|0|0|
680|1662809360.004371|2022-09-10 13:29:20.004371+02|16384|test|33|482027021|0|646348|2217176343|533383111|522718832|50344305|40343213|0|0|1|200417280|0|||0|0|50896048.76|23066375.545|4130977.202|3225|0|0|0|
681|1662809361.019660|2022-09-10 13:29:21.01966+02|16384|test|33|482088568|0|646712|2217855714|533506507|522842130|50405848|40404756|0|0|1|200417280|0|||0|0|50928064.585|23087562.666|4137445.688|3227|0|0|0|
682|1662809362.035170|2022-09-10 13:29:22.03517+02|16384|test|33|482153846|0|647216|2218576355|533637375|522972890|50471122|40470030|0|0|1|200417280|0|||0|0|50960082.141|23108591.74|4144031.46|3229|0|0|0|
683|1662809363.050326|2022-09-10 13:29:23.050326+02|16384|test|33|482218874|0|647479|2219293891|533767723|523103150|50536146|40535054|0|0|1|200417280|0|||0|0|50992098.554|23129589.716|4150656.045|3231|0|0|0|
684|1662809364.065068|2022-09-10 13:29:24.065068+02|16384|test|33|482283827|0|647904|2220011048|533897929|523233260|50601095|40600003|0|0|1|200417280|0|||0|0|51024113.134|23150676.317|4157211.295|3233|0|0|0|
685|1662809365.080691|2022-09-10 13:29:25.080691+02|16384|test|33|482349130|0|648348|2220731732|534028845|523364070|50666394|40665302|0|0|1|200417280|0|||0|0|51056129.53|23171643.507|4163838.407|3235|0|0|0|
686|1662809366.096239|2022-09-10 13:29:26.096239+02|16384|test|33|482408963|0|649014|2221392481|534148802|523483940|50726223|40725131|0|0|1|200417280|0|||0|0|51088147.754|23193044.901|4170254.144|3237|0|0|0|
687|1662809367.111680|2022-09-10 13:29:27.11168+02|16384|test|33|482474460|0|649136|2222114916|534280072|523615138|50791716|40790624|0|0|1|200417280|0|||0|0|51120163.855|23213936.387|4176957.011|3239|0|0|0|
688|1662809368.126934|2022-09-10 13:29:28.126934+02|16384|test|33|482539411|0|649680|2222831794|534410287|523745244|50856663|40855571|0|0|1|200417280|0|||0|0|51152180.116|23234973.61|4183549.807|3241|0|0|0|
689|1662809369.142317|2022-09-10 13:29:29.142317+02|16384|test|33|482604394|0|650089|2223549739|534540540|523875414|50921642|40920550|0|0|1|200417280|0|||0|0|51184195.305|23255914.457|4190224.305|3243|0|0|0|
690|1662809370.157505|2022-09-10 13:29:30.157505+02|16384|test|33|482669599|0|650433|2224269345|534671245|524006028|50986843|40985751|0|0|1|200417280|0|||0|0|51216212.155|23276909.077|4196837.68|3245|0|0|0|
691|1662809371.173239|2022-09-10 13:29:31.173239+02|16384|test|33|482730064|0|651077|2224937070|534792464|524127162|51047304|41046212|0|0|1|200417280|0|||0|0|51248229.264|23298260.78|4203261.704|3247|0|0|0|
692|1662809372.188503|2022-09-10 13:29:32.188503+02|16384|test|33|482798343|0|651319|2225678606|534925449|524260048|51115579|41114487|0|0|1|200417280|0|||0|0|51283245.314|23321673.005|4210241.534|3249|0|0|0|
693|1662809373.203606|2022-09-10 13:29:33.203606+02|16384|test|33|482883167|0|651602|2226626021|535099311|524433776|51200399|41199307|0|0|1|200417280|0|||0|0|51325264.471|23349368.012|4218836.828|3251|0|0|0|
694|1662809374.218361|2022-09-10 13:29:34.218361+02|16384|test|33|482947390|0|652368|2227335218|535228050|524562426|51264618|41263526|0|0|1|200417280|0|||0|0|51357280.111|23370458.148|4225402.771|3253|0|0|0|
695|1662809375.233866|2022-09-10 13:29:35.233866+02|16384|test|33|483009251|0|652813|2228018099|535352055|524686352|51326475|41325383|0|0|1|200417280|0|||0|0|51389294.796|23391802.107|4231796.776|3255|0|0|0|
696|1662809376.249674|2022-09-10 13:29:36.249674+02|16384|test|33|483070223|0|653177|2228691037|535474289|524808500|51387443|41386351|0|0|1|200417280|0|||0|0|51421312.521|23413289.525|4238105.303|3257|0|0|0|
697|1662809377.265091|2022-09-10 13:29:37.265091+02|16384|test|33|483134805|0|653721|2229403999|535603737|524937868|51452021|41450929|0|0|1|200417280|0|||0|0|51453329.684|23434434.822|4244622.254|3259|0|0|0|
698|1662809378.280216|2022-09-10 13:29:38.280216+02|16384|test|33|483234647|0|653986|2230505523|535803764|525137756|51551859|41550767|0|0|1|200417280|0|||0|0|51502349.608|23466724.937|4254641.097|3261|0|0|0|
699|1662809379.295653|2022-09-10 13:29:39.295653+02|16384|test|33|483303197|0|654650|2231262298|535941159|525275060|51620405|41619313|0|0|1|200417280|0|||0|0|51536367.549|23489171.464|4261580.175|3263|0|0|0|
700|1662809380.311573|2022-09-10 13:29:40.311573+02|16384|test|33|483361748|0|655012|2231908381|536058551|525392366|51678952|41677860|0|0|1|200417280|0|||0|0|51568382.08|23510860.976|4267765.293|3265|0|0|0|
701|1662809381.327587|2022-09-10 13:29:41.327587+02|16384|test|34|483426293|0|655394|2232620593|536187961|525521660|51743493|41742401|0|0|1|200417280|0|||0|0|51600399.706|23531956.67|4274325.605|3267|0|0|0|
702|1662809382.342917|2022-09-10 13:29:42.342917+02|16384|test|33|483490664|0|655850|2233376188|536320730|525651144|51807856|41806768|0|0|1|200417280|0|||0|0|51632416.78|23553109.084|4280828.695|3269|0|0|0|
703|1662809383.357878|2022-09-10 13:29:43.357878+02|16384|test|33|483555772|0|656274|2234094927|536451263|525781564|51872960|41871872|0|0|1|200417280|0|||0|0|51664430.876|23574189.974|4287381.618|3271|0|0|0|
704|1662809384.373728|2022-09-10 13:29:44.373728+02|16384|test|33|483619785|0|656478|2234801349|536579616|525909794|51936969|41935881|0|0|1|200417280|0|||0|0|51696447.568|23595256.022|4293962.895|3273|0|0|0|
705|1662809385.389541|2022-09-10 13:29:45.389541+02|16384|test|33|483678316|0|656989|2235447669|536696978|526027060|51995496|41994408|0|0|1|200417280|0|||0|0|51728463.977|23616831.803|4300249.303|3275|0|0|0|
706|1662809386.404554|2022-09-10 13:29:46.404554+02|16384|test|33|483743134|0|657314|2236162953|536826922|526156900|52060310|42059222|0|0|1|200417280|0|||0|0|51760479.685|23637827.147|4306881.349|3277|0|0|0|
707|1662809387.420044|2022-09-10 13:29:47.420044+02|16384|test|33|483808003|0|657718|2236879063|536956965|526286842|52125175|42124087|0|0|1|200417280|0|||0|0|51792495.949|23658907.509|4313440.233|3279|0|0|0|
708|1662809388.435113|2022-09-10 13:29:48.435113+02|16384|test|33|483872783|0|658304|2237594676|537086823|526416606|52189951|42188863|0|0|1|200417280|0|||0|0|51824511.687|23680047.843|4319956.605|3281|0|0|0|
709|1662809389.450280|2022-09-10 13:29:49.45028+02|16384|test|33|483937722|0|658687|2238311260|537216997|526546688|52254886|42253798|0|0|1|200417280|0|||0|0|51856527.12|23701132.801|4326515.458|3283|0|0|0|
710|1662809390.465470|2022-09-10 13:29:50.46547+02|16384|test|33|483996844|0|658973|2238964117|537335531|526665136|52314004|42312916|0|0|1|200417280|0|||0|0|51888541.351|23722748.203|4332766.268|3285|0|0|0|
711|1662809391.481111|2022-09-10 13:29:51.481111+02|16384|test|33|484061565|0|659319|2239678703|537465284|526794782|52378721|42377633|0|0|1|200417280|0|||0|0|51920560.423|23743764.085|4339388.579|3287|0|0|0|
712|1662809392.496049|2022-09-10 13:29:52.496049+02|16384|test|33|484126244|0|659705|2240393026|537594954|526924344|52443396|42442308|0|0|1|200417280|0|||0|0|51952576.113|23764892.292|4345913.716|3289|0|0|0|
713|1662809393.510628|2022-09-10 13:29:53.510628+02|16384|test|33|484191316|0|660331|2241111613|537725409|527054692|52508464|42507376|0|0|1|200417280|0|||0|0|51984591.496|23785952.217|4352491.727|3291|0|0|0|
714|1662809394.526394|2022-09-10 13:29:54.526394+02|16384|test|33|484256484|0|660814|2241830873|537856035|527185232|52573628|42572540|0|0|1|200417280|0|||0|0|52016609.752|23807035.229|4359044.419|3293|0|0|0|
715|1662809395.542059|2022-09-10 13:29:55.542059+02|16384|test|33|484315589|0|661017|2242471834|537970805|527299924|52632729|42631641|0|0|1|200417280|0|||0|0|52048689.703|23828670.065|4365317.01|3295|0|0|0|
716|1662809396.557862|2022-09-10 13:29:56.557862+02|16384|test|33|484379834|0|661521|2243192194|538103313|527432340|52696970|42695882|0|0|1|200417280|0|||0|0|52080705.404|23849740.785|4371900.909|3297|0|0|0|
717|1662809397.573026|2022-09-10 13:29:57.573026+02|16384|test|33|484444877|0|661768|2243910243|538233710|527562630|52762009|42760921|0|0|1|200417280|0|||0|0|52112720.235|23870711.122|4378550.028|3299|0|0|0|
718|1662809398.588501|2022-09-10 13:29:58.588501+02|16384|test|33|484509876|0|662315|2244628416|538364016|527692832|52827004|42825916|0|0|1|200417280|0|||0|0|52144737.209|23891754.373|4385140.288|3301|0|0|0|
719|1662809399.604425|2022-09-10 13:29:59.604425+02|16384|test|33|484574656|0|662681|2245343534|538493863|527822596|52891780|42890692|0|0|1|200417280|0|||0|0|52176752.323|23912811.478|4391725.378|3303|0|0|0|
720|1662809400.619268|2022-09-10 13:30:00.619268+02|16384|test|33|484637807|0|663065|2246040668|538620480|527949102|52954927|42953839|0|0|1|200417280|0|||0|0|52209285.08|23934474.928|4398213.614|3305|0|0|0|
721|1662809401.633982|2022-09-10 13:30:01.633982+02|16384|test|33|484699640|0|663406|2246721079|538744456|528072972|53014933|43015668|0|0|1|200417280|0|||0|0|52241300.917|23955715.165|4404682.521|3307|0|0|0|
722|1662809402.649022|2022-09-10 13:30:02.649022+02|16384|test|33|484764616|0|663957|2247428781|538870765|528199170|53081728|43080640|0|0|1|200417280|0|||0|0|52273314.415|23976749.266|4411279.023|3309|0|0|0|
723|1662809403.664909|2022-09-10 13:30:03.664909+02|16384|test|33|484829278|0|664239|2248154103|539004351|528332656|53146386|43145298|0|0|1|200417280|0|||0|0|52305330.187|23997828.941|4417846.157|3311|0|0|0|
724|1662809404.679965|2022-09-10 13:30:04.679965+02|16384|test|33|484894333|0|664625|2248872352|539134738|528462970|53211437|43210349|0|0|1|200417280|0|||0|0|52337345.495|24018846.85|4424447.741|3313|0|0|0|
725|1662809405.695614|2022-09-10 13:30:05.695614+02|16384|test|33|484959191|0|665129|2249588273|539264746|528592890|53276291|43275203|0|0|1|200417280|0|||0|0|52369362.243|24039939.291|4431004.09|3315|0|0|0|
726|1662809406.711669|2022-09-10 13:30:06.711669+02|16384|test|33|485019509|0|665554|2250254264|539385651|528713730|53336605|43335517|0|0|1|200417280|0|||0|0|52401378.651|24061190.011|4437518.562|3317|0|0|0|
727|1662809407.727318|2022-09-10 13:30:07.727318+02|16384|test|33|485081474|0|665820|2250938419|539509874|528837864|53398566|43397478|0|0|1|200417280|0|||0|0|52432433.852|24081630.135|4443900.032|3319|0|0|0|
728|1662809408.742878|2022-09-10 13:30:08.742878+02|16384|test|33|485148440|0|666404|2251677811|539644087|528972000|53465528|43464440|0|0|1|200417280|0|||0|0|52465448.532|24103296.11|4450728.599|3321|0|0|0|
729|1662809409.757895|2022-09-10 13:30:09.757895+02|16384|test|33|485213171|0|666888|2252392353|539773838|529101666|53530255|43529167|0|0|1|200417280|0|||0|0|52497463.829|24124379.437|4457291.374|3323|0|0|0|
730|1662809410.773239|2022-09-10 13:30:10.773239+02|16384|test|33|485278468|0|667070|2253112596|539904728|529232464|53595548|43594460|0|0|1|200417280|0|||0|0|52529478.235|24145408.316|4463874.246|3325|0|0|0|
731|1662809411.788843|2022-09-10 13:30:11.788843+02|16384|test|33|485338020|0|667634|2253770173|540024130|529351772|53655096|43654008|0|0|1|200417280|0|||0|0|52561494|24166832.299|4470252.405|3327|0|0|0|
732|1662809412.804294|2022-09-10 13:30:12.804294+02|16384|test|33|485402908|0|667916|2254485975|540154204|529481752|53719980|43718892|0|0|1|200417280|0|||0|0|52593510.092|24187882.49|4476834.999|3329|0|0|0|
733|1662809413.820185|2022-09-10 13:30:13.820185+02|16384|test|33|485468052|0|668499|2255204941|540284777|529612244|53785120|43784032|0|0|1|200417280|0|||0|0|52625536.428|24208872.766|4483469.577|3331|0|0|0|
734|1662809414.835346|2022-09-10 13:30:14.835346+02|16384|test|33|485532992|0|668925|2255922132|540414956|529742328|53850056|43848968|0|0|1|200417280|0|||0|0|52657552.295|24229903.756|4490071.311|3333|0|0|0|
735|1662809415.850485|2022-09-10 13:30:15.850485+02|16384|test|33|485597891|0|669429|2256638640|540545059|529872330|53914951|43913863|0|0|1|200417280|0|||0|0|52689568.057|24250985.934|4496631.924|3335|0|0|0|
736|1662809416.866453|2022-09-10 13:30:16.866453+02|16384|test|33|485656423|0|669592|2257284363|540662397|529989598|53973479|43972391|0|0|1|200417280|0|||0|0|52721592.338|24272323.063|4503105.496|3337|0|0|0|
737|1662809417.881939|2022-09-10 13:30:17.881939+02|16384|test|33|485721226|0|669918|2257999568|540792295|530119408|54038278|44037190|0|0|1|200417280|0|||0|0|52753608.461|24293296.121|4509747.289|3339|0|0|0|
738|1662809418.897155|2022-09-10 13:30:18.897155+02|16384|test|33|485786129|0|670505|2258716652|540922377|530249418|54103177|44102089|0|0|1|200417280|0|||0|0|52785623.55|24314350.748|4516328.624|3341|0|0|0|
739|1662809419.913224|2022-09-10 13:30:19.913224+02|16384|test|33|485851040|0|670747|2259432606|541052463|530379444|54168084|44166996|0|0|1|200417280|0|||0|0|52817640.685|24335372.152|4522941.754|3343|0|0|0|
740|1662809420.928694|2022-09-10 13:30:20.928694+02|16384|test|33|485915623|0|671173|2260145757|541181919|530508814|54232663|44231575|0|0|1|200417280|0|||0|0|52849656.358|24356485.605|4529482.072|3345|0|0|0|
741|1662809421.944776|2022-09-10 13:30:21.944776+02|16384|test|33|485974689|0|671458|2260797937|541300336|530627150|54291725|44290637|0|0|1|200417280|0|||0|0|52881692.171|24378039.846|4535798.981|3347|0|0|0|
742|1662809422.960173|2022-09-10 13:30:22.960173+02|16384|test|33|486039422|0|672063|2261512656|541430086|530756820|54356454|44355366|0|0|1|200417280|0|||0|0|52913708.272|24399066.006|4542408.176|3349|0|0|0|
743|1662809423.974949|2022-09-10 13:30:23.974949+02|16384|test|33|486104162|0|672527|2262227238|541559841|530886504|54421190|44420102|0|0|1|200417280|0|||0|0|52945724.099|24420149.232|4548972.223|3351|0|0|0|
744|1662809424.990163|2022-09-10 13:30:24.990163+02|16384|test|33|486169096|0|672811|2262943767|541689996|531016576|54486120|44485032|0|0|1|200417280|0|||0|0|52977744.505|24441183.894|4555566.407|3353|0|0|0|
745|1662809426.005529|2022-09-10 13:30:26.005529+02|16384|test|33|486233976|0|673296|2263660128|541820034|531146540|54550996|44549908|0|0|1|200417280|0|||0|0|53009760.872|24462217.37|4562163.262|3355|0|0|0|
746|1662809427.020974|2022-09-10 13:30:27.020974+02|16384|test|33|486292805|0|673739|2264309398|541937961|531264402|54609821|44608733|0|0|1|200417280|0|||0|0|53041778.455|24483699.407|4568421.337|3357|0|0|0|
747|1662809428.036499|2022-09-10 13:30:28.036499+02|16384|test|33|486357090|0|674242|2265018789|542066821|531393176|54674102|44673014|0|0|1|200417280|0|||0|0|53073794.781|24504736.545|4575045.077|3359|0|0|0|
748|1662809429.052073|2022-09-10 13:30:29.052073+02|16384|test|33|486422169|0|674504|2265736913|542197267|531523538|54739177|44738089|0|0|1|200417280|0|||0|0|53105810.242|24525734.707|4581667.001|3361|0|0|0|
749|1662809430.067532|2022-09-10 13:30:30.067532+02|16384|test|33|486486835|0|674826|2266450275|542326873|531653074|54803839|44802751|0|0|1|200417280|0|||0|0|53137824.804|24546751.296|4588285.779|3363|0|0|0|
750|1662809431.082547|2022-09-10 13:30:31.082547+02|16384|test|33|486551981|0|675315|2267170087|542457470|531783570|54868981|44867893|0|0|1|200417280|0|||0|0|53169840.504|24567707.633|4594934.842|3365|0|0|0|
751|1662809432.097723|2022-09-10 13:30:32.097723+02|16384|test|33|486611207|0|675780|2267823979|542576201|531902226|54928203|44927115|0|0|1|200417280|0|||0|0|53201862.305|24589333.444|4601173.371|3367|0|0|0|
752|1662809433.112809|2022-09-10 13:30:33.112809+02|16384|test|33|486676195|0|676042|2268540979|542706472|532032406|54993187|44992099|0|0|1|200417280|0|||0|0|53233879.055|24610348.467|4607788.066|3369|0|0|0|
753|1662809434.127603|2022-09-10 13:30:34.127603+02|16384|test|33|486741208|0|676389|2269258778|542836771|532162636|55058196|45057108|0|0|1|200417280|0|||0|0|53265895.799|24631377.451|4614385.281|3371|0|0|0|
754|1662809435.143178|2022-09-10 13:30:35.143178+02|16384|test|33|486805918|0|676872|2269972966|542966465|532292260|55122902|45121814|0|0|1|200417280|0|||0|0|53297911.971|24652439.461|4620965.336|3373|0|0|0|
755|1662809436.158325|2022-09-10 13:30:36.158325+02|16384|test|33|486870776|0|677238|2270689060|543096475|532422180|55187756|45186668|0|0|1|200417280|0|||0|0|53329928.02|24673505.901|4627541.131|3375|0|0|0|
756|1662809437.173504|2022-09-10 13:30:37.173504+02|16384|test|33|486930204|0|677683|2271334293|543211964|532537612|55247180|45246092|0|0|1|200417280|0|||0|0|53361944.061|24695018.587|4633847.291|3377|0|0|0|
757|1662809438.189180|2022-09-10 13:30:38.18918+02|16384|test|33|486994920|0|678168|2272059621|543345308|532670876|55311892|45310804|0|0|1|200417280|0|||0|0|53393962.079|24716010.473|4640489.404|3379|0|0|0|
758|1662809439.204478|2022-09-10 13:30:39.204478+02|16384|test|33|487059872|0|678376|2272776843|543475498|532800984|55376840|45375752|0|0|1|200417280|0|||0|0|53425977.34|24737056.865|4647074.04|3381|0|0|0|
759|1662809440.220392|2022-09-10 13:30:40.220392+02|16384|test|33|487150296|0|679263|2273775052|543656674|532982036|55467260|45466172|0|0|1|200417280|0|||0|0|53470994.761|24766628.18|4656364.11|3383|0|0|0|
760|1662809441.235697|2022-09-10 13:30:41.235697+02|16384|test|33|487214554|0|679588|2274484140|543785469|533110756|55531514|45530426|0|0|1|200417280|0|||0|0|53503023.365|24787598.567|4663023.186|3385|0|0|0|
761|1662809442.250096|2022-09-10 13:30:42.250096+02|16384|test|34|487273214|0|680153|2275141138|543904675|533228436|55590170|45589082|0|0|1|200417280|0|||0|0|53535038.06|24809308.01|4669218.318|3387|0|0|0|
762|1662809443.265353|2022-09-10 13:30:43.265353+02|16384|test|33|487336909|0|680263|2275929190|544037787|533356601|55653855|45652777|0|0|1|200417280|0|||0|0|53567053.448|24830425.301|4675766.174|3389|0|0|0|
763|1662809444.280369|2022-09-10 13:30:44.280369+02|16384|test|33|487401479|0|680607|2276649760|544168687|533486116|55718421|45717343|0|0|1|200417280|0|||0|0|53599068.43|24851438.978|4682386.481|3391|0|0|0|
764|1662809445.296283|2022-09-10 13:30:45.296283+02|16384|test|33|487465866|0|681331|2277360813|544297792|533615094|55782804|45781726|0|0|1|200417280|0|||0|0|53631085.258|24872547.691|4688942.567|3393|0|0|0|
765|1662809446.311451|2022-09-10 13:30:46.311451+02|16384|test|33|487530540|0|681836|2278074839|544427478|533744646|55847474|45846396|0|0|1|200417280|0|||0|0|53663101.767|24893630.861|4695512.169|3395|0|0|0|
766|1662809447.328529|2022-09-10 13:30:47.328529+02|16384|test|33|487611016|0|682322|2278961162|544588800|533905802|55926070|45926868|0|0|1|200417280|0|||0|0|53705171.838|24921582.949|4704049.261|3397|0|0|0|
767|1662809448.344526|2022-09-10 13:30:48.344526+02|16384|test|33|487692829|0|682585|2279866027|544752801|534069632|56009755|46008677|0|0|1|200417280|0|||0|0|53746190.867|24948721.271|4712385.059|3399|0|0|0|
768|1662809449.360200|2022-09-10 13:30:49.3602+02|16384|test|33|487756694|0|682951|2280571447|544880849|534197566|56073616|46072538|0|0|1|200417280|0|||0|0|53778206.566|24969869.763|4718910.474|3401|0|0|0|
769|1662809450.375285|2022-09-10 13:30:50.375285+02|16384|test|33|487821625|0|683334|2281287975|545011035|534327632|56138543|46137465|0|0|1|200417280|0|||0|0|53810223.189|24990895.643|4725514.052|3403|0|0|0|
770|1662809451.391051|2022-09-10 13:30:51.391051+02|16384|test|33|487886679|0|683801|2282006418|545141459|534457944|56203593|46202515|0|0|1|200417280|0|||0|0|53842240.217|25011933.494|4732104.974|3405|0|0|0|
771|1662809452.407165|2022-09-10 13:30:52.407165+02|16384|test|33|487945142|0|684245|2282651943|545258703|534575074|56262052|46260974|0|0|1|200417280|0|||0|0|53874306.736|25033519.641|4738402.481|3407|0|0|0|
772|1662809453.422331|2022-09-10 13:30:53.422331+02|16384|test|33|488010238|0|684731|2283370763|545389212|534705470|56327144|46326066|0|0|1|200417280|0|||0|0|53906321.511|25054531.262|4745012.248|3409|0|0|0|
773|1662809454.437211|2022-09-10 13:30:54.437211+02|16384|test|33|488075259|0|685013|2284088017|545519549|534835716|56392161|46391083|0|0|1|200417280|0|||0|0|53938338.858|25075602.079|4751580.812|3411|0|0|0|
774|1662809455.452322|2022-09-10 13:30:55.452322+02|16384|test|33|488140090|0|685581|2284802212|545649529|534965582|56454982|46455910|0|0|1|200417280|0|||0|0|53970389.539|25096674.693|4758179.844|3413|0|0|0|
775|1662809456.468202|2022-09-10 13:30:56.468202+02|16384|test|33|488202931|0|685903|2285471239|545767430|535083374|56517763|46518747|0|0|1|200417280|0|||0|0|54001442.473|25117132.541|4764532.697|3415|0|0|0|
776|1662809457.483487|2022-09-10 13:30:57.483487+02|16384|test|33|488264415|0|686227|2286164567|545894930|535210756|56581305|46580227|0|0|1|200417280|0|||0|0|54034466.746|25139223.641|4771100.695|3417|0|0|0|
777|1662809458.498924|2022-09-10 13:30:58.498924+02|16384|test|33|488329572|0|686612|2286895775|546029463|535345158|56646458|46645380|0|0|1|200417280|0|||0|0|54066483.653|25160232.365|4777716.114|3419|0|0|0|
778|1662809459.514317|2022-09-10 13:30:59.514317+02|16384|test|33|488394525|0|687116|2287612797|546159681|535475268|56711407|46710329|0|0|1|200417280|0|||0|0|54098503.677|25181320.414|4784272.233|3421|0|0|0|
779|1662809460.528960|2022-09-10 13:31:00.52896+02|16384|test|33|488459707|0|687421|2288332370|546290349|535605836|56776585|46775507|0|0|1|200417280|0|||0|0|54130517.554|25202345.805|4790872.403|3423|0|0|0|
780|1662809461.544580|2022-09-10 13:31:01.54458+02|16384|test|33|488524663|0|688126|2289049789|546420593|535735952|56841537|46840459|0|0|1|200417280|0|||0|0|54162533.016|25223436.245|4797421.85|3425|0|0|0|
781|1662809462.559752|2022-09-10 13:31:02.559752+02|16384|test|33|488583279|0|688488|2289689348|546538135|535853388|56900149|46897259|0|0|1|200417280|0|||0|0|54193549.316|25244059.835|4803655.57|3427|0|0|0|
782|1662809463.575011|2022-09-10 13:31:03.575011+02|16384|test|33|488648480|0|688489|2290413431|546668841|535983994|56963262|46964268|0|0|1|200417280|0|||0|0|54225565.521|25265071.83|4810267.185|3429|0|0|0|
783|1662809464.590760|2022-09-10 13:31:04.59076+02|16384|test|33|488715265|0|689072|2291152743|546802728|536117768|57032127|47031049|0|0|1|200417280|0|||0|0|54258612.98|25286836.075|4817045.749|3431|0|0|0|
784|1662809465.605827|2022-09-10 13:31:05.605827+02|16384|test|33|488780824|0|689516|2291876316|546934169|536249090|57097682|47096604|0|0|1|200417280|0|||0|0|54290630.1|25307798.346|4823688.272|3433|0|0|0|
785|1662809466.621372|2022-09-10 13:31:06.621372+02|16384|test|33|488846063|0|689962|2292596693|547064954|536379772|57162917|47161839|0|0|1|200417280|0|||0|0|54322648.931|25328803.125|4830302.561|3435|0|0|0|
786|1662809467.637157|2022-09-10 13:31:07.637157+02|16384|test|33|488906168|0|690526|2293260374|547185451|536500186|57223018|47221940|0|0|1|200417280|0|||0|0|54354665.551|25350299.811|4836639.598|3437|0|0|0|
787|1662809468.652556|2022-09-10 13:31:08.652556+02|16384|test|33|488971557|0|690771|2293982290|547316551|536631168|57288403|47287325|0|0|1|200417280|0|||0|0|54386681.39|25371297.104|4843255.125|3439|0|0|0|
788|1662809469.667944|2022-09-10 13:31:09.667944+02|16384|test|33|489036814|0|691299|2294703132|547447367|536761886|57353656|47352578|0|0|1|200417280|0|||0|0|54418697.055|25392261.613|4849905.961|3441|0|0|0|
789|1662809470.683558|2022-09-10 13:31:10.683558+02|16384|test|33|489100027|0|691621|2295400627|547574120|536888516|57416865|47415787|0|0|1|200417280|0|||0|0|54449713.146|25412626.44|4856301.883|3443|0|0|0|
790|1662809471.699059|2022-09-10 13:31:11.699059+02|16384|test|33|489167417|0|691983|2296144165|547709217|537023500|57484251|47483173|0|0|1|200417280|0|||0|0|54482729.949|25434310.812|4863097.818|3445|0|0|0|
791|1662809472.714575|2022-09-10 13:31:12.714575+02|16384|test|33|489227106|0|692407|2296803124|547828892|537143082|57543936|47542858|0|0|1|200417280|0|||0|0|54514746.572|25455630.541|4869566.634|3447|0|0|0|
792|1662809473.730095|2022-09-10 13:31:13.730095+02|16384|test|33|489292204|0|692774|2297521878|547959393|537273482|57609030|47607952|0|0|1|200417280|0|||0|0|54546763.339|25476606.914|4876205.53|3449|0|0|0|
793|1662809474.745646|2022-09-10 13:31:14.745646+02|16384|test|33|489357503|0|693178|2298242669|548090306|537404284|57674325|47673247|0|0|1|200417280|0|||0|0|54578779.171|25497580.892|4882839.646|3451|0|0|0|
794|1662809475.760600|2022-09-10 13:31:15.7606+02|16384|test|33|489422870|0|693585|2298964406|548221345|537535222|57739688|47738610|0|0|1|200417280|0|||0|0|54610795.328|25518525.479|4889506.1|3453|0|0|0|
795|1662809476.775802|2022-09-10 13:31:16.775802+02|16384|test|33|489487545|0|694209|2299678471|548350997|537664776|57804359|47803281|0|0|1|200417280|0|||0|0|54642810.569|25539609.289|4896079.262|3455|0|0|0|
796|1662809477.791364|2022-09-10 13:31:17.791364+02|16384|test|33|489547938|0|694476|2300345287|548472076|537785766|57864748|47863670|0|0|1|200417280|0|||0|0|54674827.828|25560963.097|4902491.619|3457|0|0|0|
797|1662809478.806930|2022-09-10 13:31:18.80693+02|16384|test|33|489612782|0|694763|2301061518|548602082|537915658|57929588|47928510|0|0|1|200417280|0|||0|0|54706843.457|25582016.212|4909077.889|3459|0|0|0|
798|1662809479.822464|2022-09-10 13:31:19.822464+02|16384|test|33|489677983|0|695408|2301781402|548732789|538046264|57994785|47993707|0|0|1|200417280|0|||0|0|54738858.58|25603038.976|4915672.236|3461|0|0|0|
799|1662809480.837871|2022-09-10 13:31:20.837871+02|16384|test|33|489743295|0|695672|2302502181|548863716|538177092|58060093|48059015|0|0|1|200417280|0|||0|0|54770874.261|25623995.152|4922323.929|3463|0|0|0|
800|1662809481.853358|2022-09-10 13:31:21.853358+02|16384|test|33|489808378|0|696196|2303220696|548994190|538307462|58125172|48124094|0|0|1|200417280|0|||0|0|54802890.258|25644994.223|4928948.476|3465|0|0|0|
801|1662809482.869398|2022-09-10 13:31:22.869398+02|16384|test|33|489867675|0|696680|2303875341|549113083|538426260|58184465|48183387|0|0|1|200417280|0|||0|0|54834912.547|25666402.469|4935356.527|3467|0|0|0|
802|1662809483.884882|2022-09-10 13:31:23.884882+02|16384|test|33|489932883|0|696964|2304595053|549243810|538556880|58249669|48248591|0|0|1|200417280|0|||0|0|54866929.464|25687345.45|4942015.386|3469|0|0|0|
803|1662809484.899853|2022-09-10 13:31:24.899853+02|16384|test|33|489998100|0|697248|2305314678|549374536|538687518|58314882|48313804|0|0|1|200417280|0|||0|0|54898944.501|25708281.265|4948688.517|3471|0|0|0|
804|1662809485.914924|2022-09-10 13:31:25.914924+02|16384|test|33|490063038|0|697792|2306031559|549504710|538817598|58379816|48378738|0|0|1|200417280|0|||0|0|54930960.389|25729307.372|4955294.703|3473|0|0|0|
805|1662809486.929750|2022-09-10 13:31:26.92975+02|16384|test|33|490128197|0|698034|2306750509|549635334|538948120|58444971|48443893|0|0|1|200417280|0|||0|0|54962975.439|25750267.113|4961951.005|3475|0|0|0|
806|1662809487.944521|2022-09-10 13:31:27.944521+02|16384|test|33|490190973|0|698560|2307443615|549761171|539073876|58507743|48506665|0|0|1|200417280|0|||0|0|54995037.219|25771486.454|4968464.976|3477|0|0|0|
807|1662809488.959692|2022-09-10 13:31:28.959692+02|16384|test|33|490253896|0|698925|2308138474|549887327|539199926|58570662|48569584|0|0|1|200417280|0|||0|0|55027054.332|25792537.267|4975086.769|3479|0|0|0|
808|1662809489.975446|2022-09-10 13:31:29.975446+02|16384|test|33|490318800|0|699631|2308855379|550017446|539329938|58635562|48634484|0|0|1|200417280|0|||0|0|55059070.94|25813506.83|4981738.978|3481|0|0|0|
809|1662809490.990995|2022-09-10 13:31:30.990995+02|16384|test|33|490383869|0|699953|2309573267|550147867|539460280|58700627|48699549|0|0|1|200417280|0|||0|0|55091086.119|25834534.173|4988331.828|3483|0|0|0|
810|1662809492.006928|2022-09-10 13:31:32.006928+02|16384|test|33|490449018|0|699954|2310281659|550278469|539590782|58763761|48762698|0|0|1|200417280|0|||0|0|55123103.855|25855509.187|4994973.513|3485|0|0|0|
811|1662809493.022222|2022-09-10 13:31:33.022222+02|16384|test|33|490514338|0|700539|2311012854|550409413|539721626|58831088|48830010|0|0|1|200417280|0|||0|0|55155118.283|25876469.264|5001609.908|3487|0|0|0|
812|1662809494.037509|2022-09-10 13:31:34.037509+02|16384|test|33|490574771|0|700941|2311679648|550530564|539842696|58891517|48890439|0|0|1|200417280|0|||0|0|55187134.683|25897831.268|5008050.204|3489|0|0|0|
813|1662809495.052798|2022-09-10 13:31:35.052798+02|16384|test|33|490639820|0|701505|2312397827|550660948|539972998|58956562|48955484|0|0|1|200417280|0|||0|0|55219151.74|25918853.117|5014653.428|3491|0|0|0|
814|1662809496.068435|2022-09-10 13:31:36.068435+02|16384|test|33|490704847|0|701909|2313115528|550791289|540103256|59021585|49020507|0|0|1|200417280|0|||0|0|55251170.16|25939886.288|5021244.773|3493|0|0|0|
815|1662809497.083159|2022-09-10 13:31:37.083159+02|16384|test|33|490767253|0|702573|2313804532|550916386|540228272|59083987|49082909|0|0|1|200417280|0|||0|0|55283186.456|25961337.123|5027593.52|3495|0|0|0|
816|1662809498.098566|2022-09-10 13:31:38.098566+02|16384|test|33|490830149|0|702573|2314497892|551042464|540354268|59146879|49145801|0|0|1|200417280|0|||0|0|55315202.351|25982724.054|5033978.384|3497|0|0|0|
817|1662809499.113649|2022-09-10 13:31:39.113649+02|16384|test|33|490881458|0|702916|2315057717|551145359|540457090|59198184|49195411|0|0|1|200417280|0|||0|0|55346217.778|26004532.855|5039539.76|3499|0|0|0|
818|1662809500.128523|2022-09-10 13:31:40.128523+02|16384|test|33|490945989|0|703542|2315777118|551274701|540586356|59262711|49261633|0|0|1|200417280|0|||0|0|55379233.387|26026695.138|5046046.903|3501|0|0|0|
819|1662809501.143267|2022-09-10 13:31:41.143267+02|16384|test|33|491008554|0|703885|2316467488|551400125|540711690|59325272|49324194|0|0|1|200417280|0|||0|0|55411249.825|26048166.403|5052378.006|3503|0|0|0|
820|1662809502.158113|2022-09-10 13:31:42.158113+02|16384|test|34|491073599|0|704149|2317185458|551530536|540841984|59390313|49389235|0|0|1|200417280|0|||0|0|55443269.88|26069242.184|5058950.518|3505|0|0|0|
821|1662809503.172990|2022-09-10 13:31:43.17299+02|16384|test|34|491134921|0|704748|2317876776|551656026|540965216|59451631|49450553|0|0|1|200417280|0|||0|0|55475286.807|26090839.542|5065185.43|3507|0|0|0|
822|1662809504.188020|2022-09-10 13:31:44.18802+02|16384|test|34|491186273|0|704970|2318443514|551759006|541068124|59502979|49501901|0|0|1|200417280|0|||0|0|55506519.912|26112850.42|5070732.887|3509|0|0|0|
823|1662809505.199092|2022-09-10 13:31:45.199092+02|16384|test|34|491249514|0|705294|2319141528|551885800|541194810|59566216|49565138|0|0|1|200417280|0|||0|0|55539550.116|26135151.763|5077158.834|3511|0|0|0|
824|1662809506.209754|2022-09-10 13:31:46.209754+02|16384|test|33|491310151|0|705702|2319988594|552008408|541316446|59626843|49625769|0|0|1|200417280|0|||0|0|55571563.818|26156779.61|5083381.659|3513|0|0|0|
825|1662809507.222883|2022-09-10 13:31:47.222883+02|16384|test|33|491372083|0|706164|2320672568|552132849|541440802|59688771|49687697|0|0|1|200417280|0|||0|0|55603576.913|26178329.942|5089650.985|3515|0|0|0|
826|1662809508.235344|2022-09-10 13:31:48.235344+02|16384|test|33|491435249|0|706566|2321369586|552259481|541567338|59751933|49750859|0|0|1|200417280|0|||0|0|55635970.018|26200097.641|5096022.914|3517|0|0|0|
827|1662809509.250222|2022-09-10 13:31:49.250222+02|16384|test|33|491492689|0|706888|2322003370|552374640|541682422|59809369|49808295|0|0|1|200417280|0|||0|0|55667987.817|26221816.915|5102189.579|3519|0|0|0|
828|1662809510.265550|2022-09-10 13:31:50.26555+02|16384|test|33|491555764|0|707331|2322699632|552501094|541808776|59872440|49871366|0|0|1|200417280|0|||0|0|55700002.566|26243233.829|5108543.355|3521|0|0|0|
829|1662809511.280489|2022-09-10 13:31:51.280489+02|16384|test|33|491618759|0|707615|2323394889|552627381|541934970|59935431|49934357|0|0|1|200417280|0|||0|0|55732020.503|26264632.198|5114915.661|3523|0|0|0|
830|1662809512.295734|2022-09-10 13:31:52.295734+02|16384|test|33|491707208|0|708100|2324359090|552800607|542108070|60023876|50022802|0|0|1|200417280|0|||0|0|55777040.931|26294761.622|5123857.214|3525|0|0|0|
831|1662809513.311135|2022-09-10 13:31:53.311135+02|16384|test|33|491766004|0|708769|2325020646|552922498|542229868|60082668|50081594|0|0|1|200417280|0|||0|0|55809057.158|26316626.41|5129956.842|3527|0|0|0|
832|1662809514.326599|2022-09-10 13:31:54.326599+02|16384|test|33|491822859|0|708991|2325648244|553036515|542343782|60139519|50138445|0|0|1|200417280|0|||0|0|55841071.813|26338675.488|5135948.78|3529|0|0|0|
833|1662809515.341738|2022-09-10 13:31:55.341738+02|16384|test|33|491885301|0|709474|2326337524|553161707|542468870|60201957|50200883|0|0|1|200417280|0|||0|0|55873090.317|26360117.351|5142306.834|3531|0|0|0|
834|1662809516.356982|2022-09-10 13:31:56.356982+02|16384|test|33|491985566|0|710018|2327443497|553362582|542669604|60302218|50301144|0|0|1|200417280|0|||0|0|55924110.484|26394276.877|5152414.73|3533|0|0|0|
835|1662809517.371699|2022-09-10 13:31:57.371699+02|16384|test|33|492048506|0|710342|2328138075|553488751|542795688|60365154|50364080|0|0|1|200417280|0|||0|0|55956127.948|26415718.574|5158762.362|3535|0|0|0|
836|1662809518.387486|2022-09-10 13:31:58.387486+02|16384|test|33|492099519|0|711007|2328689845|553587684|542894552|60414480|50415089|0|0|1|200417280|0|||0|0|55987144.969|26437624.245|5164237.734|3537|0|0|0|
837|1662809519.402890|2022-09-10 13:31:59.40289+02|16384|test|33|492163694|0|711229|2329409775|553719698|543026472|60480334|50479260|0|0|1|200417280|0|||0|0|56020161.028|26459678.843|5170840.993|3539|0|0|0|
838|1662809520.418038|2022-09-10 13:32:00.418038+02|16384|test|33|492226575|0|711513|2330103774|553845750|543152438|60543211|50542137|0|0|1|200417280|0|||0|0|56052177.344|26481110.83|5177191.603|3541|0|0|0|
839|1662809521.433611|2022-09-10 13:32:01.433611+02|16384|test|33|492289551|0|711977|2330798998|553971993|543278594|60606183|50605109|0|0|1|200417280|0|||0|0|56084195.631|26502564.36|5183526.29|3543|0|0|0|
840|1662809522.448610|2022-09-10 13:32:02.44861+02|16384|test|33|492352316|0|712521|2331491958|554097809|543404328|60668944|50667870|0|0|1|200417280|0|||0|0|56116210.929|26524015.263|5189862.932|3545|0|0|0|
841|1662809523.463648|2022-09-10 13:32:03.463648+02|16384|test|33|492409033|0|712703|2332117694|554211530|543517966|60725657|50724583|0|0|1|200417280|0|||0|0|56148701.671|26546530.15|5195854.911|3547|0|0|0|
842|1662809524.479168|2022-09-10 13:32:04.479168+02|16384|test|33|492473180|0|713089|2332825962|554340124|543646464|60789800|50788726|0|0|1|200417280|0|||0|0|56181758.516|26568694.412|5202381.111|3549|0|0|0|
843|1662809525.494339|2022-09-10 13:32:05.494339+02|16384|test|33|492537449|0|713451|2333535030|554468938|543775206|60854065|50852991|0|0|1|200417280|0|||0|0|56214328.048|26590535.808|5208803.564|3551|0|0|0|
844|1662809526.509341|2022-09-10 13:32:06.509341+02|16384|test|33|492601696|0|714038|2334244735|554597719|543903904|60918308|50917234|0|0|1|200417280|0|||0|0|56246918.704|26612366.436|5215252.925|3553|0|0|0|
845|1662809527.524807|2022-09-10 13:32:07.524807+02|16384|test|33|492665777|0|714321|2334951753|554726171|544032270|60982385|50981311|0|0|1|200417280|0|||0|0|56279550.238|26634232.363|5221707.887|3555|0|0|0|
846|1662809528.540285|2022-09-10 13:32:08.540285+02|16384|test|33|492724879|0|714805|2335604351|554844676|544150678|61041483|51040409|0|0|1|200417280|0|||0|0|56311568.364|26655835.169|5227936.903|3557|0|0|0|
847|1662809529.555418|2022-09-10 13:32:09.555418+02|16384|test|33|492785436|0|715350|2336272902|554966090|544271996|61102036|51100962|0|0|1|200417280|0|||0|0|56343586.331|26677519.286|5234149.559|3559|0|0|0|
848|1662809530.570453|2022-09-10 13:32:10.570453+02|16384|test|33|492846426|0|715351|2336943805|555088359|544394180|61161040|51161948|0|0|1|200417280|0|||0|0|56374599.723|26698249.536|5240319.237|3561|0|0|0|
849|1662809531.586053|2022-09-10 13:32:11.586053+02|16384|test|33|492911622|0|715936|2337665604|555219046|544524776|61228214|51227140|0|0|1|200417280|0|||0|0|56407617.066|26720299.511|5246899.644|3563|0|0|0|
850|1662809532.601853|2022-09-10 13:32:12.601853+02|16384|test|33|492974637|0|716201|2338349111|555341348|544646984|61291225|51290151|0|0|1|200417280|0|||0|0|56439632.081|26741724.014|5253248.861|3565|0|0|0|
851|1662809533.616445|2022-09-10 13:32:13.616445+02|16384|test|33|493034243|0|716790|2339020001|555464875|544770426|61350827|51349753|0|0|1|200417280|0|||0|0|56471653.03|26763518.346|5259394.433|3567|0|0|0|
852|1662809534.631418|2022-09-10 13:32:14.631418+02|16384|test|33|493091535|0|717037|2339652702|555579740|544885214|61408115|51407041|0|0|1|200417280|0|||0|0|56503668.114|26785549.844|5265391.979|3569|0|0|0|
853|1662809535.646298|2022-09-10 13:32:15.646298+02|16384|test|33|493154700|0|717440|2340349729|555706371|545011748|61471276|51470202|0|0|1|200417280|0|||0|0|56535683.656|26806956.891|5271757.461|3571|0|0|0|
854|1662809536.660969|2022-09-10 13:32:16.660969+02|16384|test|33|493218063|0|717966|2341049374|555833384|545138678|61534635|51533561|0|0|1|200417280|0|||0|0|56567699.972|26828376.248|5278102.906|3573|0|0|0|
855|1662809537.675714|2022-09-10 13:32:17.675714+02|16384|test|33|493281233|0|718288|2341746423|555960017|545265222|61597801|51596727|0|0|1|200417280|0|||0|0|56599714.73|26849779.769|5284467.054|3575|0|0|0|
856|1662809538.691287|2022-09-10 13:32:18.691287+02|16384|test|33|493344252|0|718674|2342442277|556086358|545391464|61660816|51659742|0|0|1|200417280|0|||0|0|56631743.92|26870809.742|5291038.263|3577|0|0|0|
857|1662809539.706613|2022-09-10 13:32:19.706613+02|16384|test|33|493403853|0|719099|2343099989|556205832|545510870|61720413|51719339|0|0|1|200417280|0|||0|0|56663760.345|26892492.793|5297236.77|3579|0|0|0|
858|1662809540.722494|2022-09-10 13:32:20.722494+02|16384|test|33|493469080|0|719359|2343820427|556336580|545641528|61785636|51784562|0|0|1|200417280|0|||0|0|56695778.647|26913581.652|5303791.815|3581|0|0|0|
859|1662809541.737814|2022-09-10 13:32:21.737814+02|16384|test|33|493532265|0|719889|2344503964|556459175|545764050|61846849|51847743|0|0|1|200417280|0|||0|0|56727794.482|26934983.433|5310159.274|3583|0|0|0|
860|1662809542.753331|2022-09-10 13:32:22.753331+02|16384|test|33|493595476|0|720279|2345215821|556589936|545894728|61912024|51910950|0|0|1|200417280|0|||0|0|56759810.041|26956385.724|5316525.362|3585|0|0|0|
861|1662809543.768907|2022-09-10 13:32:23.768907+02|16384|test|33|493660476|0|720806|2345933672|556720232|546024932|61977020|51975946|0|0|1|200417280|0|||0|0|56791824.856|26977513.047|5323053.192|3587|0|0|0|
862|1662809544.784130|2022-09-10 13:32:24.78413+02|16384|test|33|493719701|0|721172|2346576531|556835262|546139898|62036241|52035167|0|0|1|200417280|0|||0|0|56823840.155|26999345.362|5329166.038|3589|0|0|0|
863|1662809545.799350|2022-09-10 13:32:25.79935+02|16384|test|33|493784890|0|721561|2347295134|556965506|546270052|62101426|52100352|0|0|1|200417280|0|||0|0|56855855.755|27020375.712|5335767.96|3591|0|0|0|
864|1662809546.815228|2022-09-10 13:32:26.815228+02|16384|test|33|493849990|0|721946|2348026135|557100123|546404572|62166522|52165448|0|0|1|200417280|0|||0|0|56887871.571|27041456.157|5342329.54|3593|0|0|0|
865|1662809547.830480|2022-09-10 13:32:27.83048+02|16384|test|33|493914585|0|722411|2348739222|557229601|546533966|62231113|52230039|0|0|1|200417280|0|||0|0|56919887.962|27062554.021|5348880.865|3595|0|0|0|
866|1662809548.845630|2022-09-10 13:32:28.84563+02|16384|test|33|493979645|0|722693|2349456958|557360023|546664290|62296169|52295095|0|0|1|200417280|0|||0|0|56951903.69|27083581.138|5355485.099|3597|0|0|0|
867|1662809549.861227|2022-09-10 13:32:29.861227+02|16384|test|33|494037834|0|722937|2350099146|557476695|546780872|62354354|52353280|0|0|1|200417280|0|||0|0|56982920.657|27104349.824|5361623.184|3599|0|0|0|
868|1662809550.876896|2022-09-10 13:32:30.876896+02|16384|test|33|494102295|0|723742|2350811345|557605907|546909998|62418811|52417737|0|0|1|200417280|0|||0|0|57014937.311|27125488.679|5368156.192|3601|0|0|0|
869|1662809551.891850|2022-09-10 13:32:31.89185+02|16384|test|33|494169710|0|724007|2351555265|557741028|547045032|62486222|52485148|0|0|1|200417280|0|||0|0|57047954.278|27147178.791|5374948.501|3603|0|0|0|
870|1662809552.907133|2022-09-10 13:32:32.907133+02|16384|test|33|494234995|0|724369|2352275509|557871888|547175806|62551503|52550429|0|0|1|200417280|0|||0|0|57080286.824|27168540.584|5381528.469|3605|0|0|0|
871|1662809553.921031|2022-09-10 13:32:33.921031+02|16384|test|33|494299964|0|724754|2352992562|558002112|547305948|62616468|52615394|0|0|1|200417280|0|||0|0|57112427.719|27189750.212|5388085.475|3607|0|0|0|
872|1662809554.935878|2022-09-10 13:32:34.935878+02|16384|test|33|494359857|0|725216|2353653521|558122186|547425938|62676357|52675283|0|0|1|200417280|0|||0|0|57144444.527|27211148.096|5394490.48|3609|0|0|0|
873|1662809555.950893|2022-09-10 13:32:35.950893+02|16384|test|33|494424896|0|725664|2354371706|558252546|547556220|62741392|52740318|0|0|1|200417280|0|||0|0|57176460.303|27232187.978|5401077.418|3611|0|0|0|
874|1662809556.966766|2022-09-10 13:32:36.966766+02|16384|test|33|494490152|0|726028|2355091833|558383341|547686936|62806644|52805570|0|0|1|200417280|0|||0|0|57208476.841|27253186.88|5407697.926|3613|0|0|0|
875|1662809557.982545|2022-09-10 13:32:37.982545+02|16384|test|33|494555075|0|726450|2355808189|558513483|547816986|62871563|52870489|0|0|1|200417280|0|||0|0|57240491.777|27274308.923|5414229.074|3615|0|0|0|
876|1662809558.997123|2022-09-10 13:32:38.997123+02|16384|test|33|494619960|0|727034|2356524597|558643549|547946960|62936444|52935370|0|0|1|200417280|0|||0|0|57272508.485|27295390.205|5420793.088|3617|0|0|0|
877|1662809560.011685|2022-09-10 13:32:40.011685+02|16384|test|33|494680448|0|727377|2357192012|558764815|548068140|62996928|52995854|0|0|1|200417280|0|||0|0|57304525.989|27316631.744|5427313.553|3619|0|0|0|
878|1662809561.027150|2022-09-10 13:32:41.02715+02|16384|test|33|494743432|0|727781|2357887496|558891076|548194312|63059908|53058834|0|0|1|200417280|0|||0|0|57335540.791|27337044.332|5433673.176|3621|0|0|0|
879|1662809562.042355|2022-09-10 13:32:42.042355+02|16384|test|34|494810328|0|728103|2358627041|559025415|548328308|63126800|53125726|0|0|1|200417280|0|||0|0|57368555.836|27358734.592|5440472.255|3623|0|0|0|
880|1662809563.057678|2022-09-10 13:32:43.057678+02|16384|test|33|494873530|0|728718|2359402995|559154456|548451755|63189992|53188928|0|0|1|200417280|0|||0|0|57401168.73|27380594.814|5446911.779|3625|0|0|0|
881|1662809564.072766|2022-09-10 13:32:44.072766+02|16384|test|33|494938752|0|728981|2360136036|559289581|548586462|63255210|53254146|0|0|1|200417280|0|||0|0|57433183.679|27401587.518|5453533.369|3627|0|0|0|
882|1662809565.094147|2022-09-10 13:32:45.094147+02|16384|test|33|494999399|0|729799|2360794630|559407274|548704024|63315853|53314789|0|0|1|200417280|0|||0|0|57465360.183|27423031.855|5459979.373|3629|0|0|0|
883|1662809566.109521|2022-09-10 13:32:46.109521+02|16384|test|33|495064560|0|729800|2361524789|559541837|548838486|63381010|53379946|0|0|1|200417280|0|||0|0|57497376.976|27444059.438|5466583.43|3631|0|0|0|
884|1662809567.125375|2022-09-10 13:32:47.125375+02|16384|test|33|495129545|0|730204|2362222059|559668175|548964704|63445991|53442878|0|0|1|200417280|0|||0|0|57529393.1|27465106.223|5473178.593|3633|0|0|0|
885|1662809568.141011|2022-09-10 13:32:48.141011+02|16384|test|33|495194013|0|730840|2362954035|559801381|549097800|63510455|53509391|0|0|1|200417280|0|||0|0|57561410.103|27486256.797|5479702.005|3635|0|0|0|
886|1662809569.155945|2022-09-10 13:32:49.155945+02|16384|test|33|495257306|0|731002|2363652187|559928277|549224590|63573744|53572680|0|0|1|200417280|0|||0|0|57592424.192|27506613.232|5486096.967|3637|0|0|0|
887|1662809570.170924|2022-09-10 13:32:50.170924+02|16384|test|33|495318339|0|731485|2364325704|560050637|549346860|63634773|53633709|0|0|1|200417280|0|||0|0|57625439.334|27528814.6|5492605.057|3639|0|0|0|
888|1662809571.186196|2022-09-10 13:32:51.186196+02|16384|test|33|495380271|0|731947|2365009272|560174832|549470928|63696701|53695637|0|0|1|200417280|0|||0|0|57656457.319|27549236.219|5498981.831|3641|0|0|0|
889|1662809572.201431|2022-09-10 13:32:52.201431+02|16384|test|33|495447072|0|732249|2365746223|560308757|549604734|63763498|53762434|0|0|1|200417280|0|||0|0|57689475.36|27570882.779|5505825.445|3643|0|0|0|
890|1662809573.217029|2022-09-10 13:32:53.217029+02|16384|test|33|495512138|0|732671|2366464185|560439201|549735070|63828560|53827496|0|0|1|200417280|0|||0|0|57721493.469|27591959.743|5512390.846|3645|0|0|0|
891|1662809574.232938|2022-09-10 13:32:54.232938+02|16384|test|33|495577234|0|732973|2367182351|560569691|549865466|63893652|53892588|0|0|1|200417280|0|||0|0|57753511.622|27613000.645|5518981.905|3647|0|0|0|
892|1662809575.248682|2022-09-10 13:32:55.248682+02|16384|test|33|495636485|0|733417|2367836520|560688490|549984172|63952899|53951835|0|0|1|200417280|0|||0|0|57785749.386|27634670.332|5525378.689|3649|0|0|0|
893|1662809576.264276|2022-09-10 13:32:56.264276+02|16384|test|33|495700556|0|733821|2368543777|560816936|550112518|64016966|54015902|0|0|1|200417280|0|||0|0|57817765.806|27655847.312|5531884.368|3651|0|0|0|
894|1662809577.279664|2022-09-10 13:32:57.279664+02|16384|test|33|495765372|0|734150|2369259583|560946872|550242354|64081778|54080714|0|0|1|200417280|0|||0|0|57849780.946|27676961.858|5538422.013|3653|0|0|0|
895|1662809578.295162|2022-09-10 13:32:58.295162+02|16384|test|33|495830373|0|734613|2369976944|561077184|550372560|64146775|54145711|0|0|1|200417280|0|||0|0|57881798.52|27698018.151|5544999.033|3655|0|0|0|
896|1662809579.310137|2022-09-10 13:32:59.310137+02|16384|test|33|495895071|0|734995|2370690861|561206893|550502160|64211469|54210405|0|0|1|200417280|0|||0|0|57913815.53|27719138.237|5551537.776|3657|0|0|0|
897|1662809580.325436|2022-09-10 13:33:00.325436+02|16384|test|33|495955941|0|735539|2371362892|561328927|550624104|64272335|54271271|0|0|1|200417280|0|||0|0|57945840.785|27740478.494|5557950.654|3659|0|0|0|
898|1662809581.340502|2022-09-10 13:33:01.340502+02|16384|test|33|496017152|0|736042|2372038483|561451653|550746730|64333542|54332478|0|0|1|200417280|0|||0|0|57977857.893|27761806.502|5564378.976|3661|0|0|0|
899|1662809582.355990|2022-09-10 13:33:02.35599+02|16384|test|33|496082180|0|736246|2372755773|561582034|550876990|64398566|54397502|0|0|1|200417280|0|||0|0|58009875.372|27782873.87|5570941.729|3663|0|0|0|
900|1662809583.371554|2022-09-10 13:33:03.371554+02|16384|test|33|496144861|0|737029|2373447994|561707714|551002556|64461243|54460179|0|0|1|200417280|0|||0|0|58040891.615|27803351.761|5577263.174|3665|0|0|0|
901|1662809584.386642|2022-09-10 13:33:04.386642+02|16384|test|33|496212219|0|737030|2374190605|561842741|551137476|64528597|54527533|0|0|1|200417280|0|||0|0|58073907.271|27825020.101|5584072.079|3667|0|0|0|
902|1662809585.401438|2022-09-10 13:33:05.401438+02|16384|test|33|496298342|0|737654|2375130182|562011672|551306294|64614716|54613652|0|0|1|200417280|0|||0|0|58117943.298|27854269.649|5592950.286|3669|0|0|0|
903|1662809586.417279|2022-09-10 13:33:06.417279+02|16384|test|33|496360952|0|737916|2375831766|562140823|551435350|64677322|54676258|0|0|1|200417280|0|||0|0|58150959.552|27876309.383|5599547.217|3671|0|0|0|
904|1662809587.432899|2022-09-10 13:33:07.432899+02|16384|test|33|496425637|0|738643|2376546172|562270471|551564924|64742003|54740939|0|0|1|200417280|0|||0|0|58182977.348|27897429.872|5606087.735|3673|0|0|0|
905|1662809588.448389|2022-09-10 13:33:08.448389+02|16384|test|33|496490630|0|738764|2377260882|562400761|551695114|64804955|54805928|0|0|1|200417280|0|||0|0|58214992.642|27918452.968|5612697.307|3675|0|0|0|
906|1662809589.463713|2022-09-10 13:33:09.463713+02|16384|test|33|496555474|0|739231|2377979208|562530751|551825006|64871832|54870768|0|0|1|200417280|0|||0|0|58247040.36|27939520.199|5619302.965|3677|0|0|0|
907|1662809590.478814|2022-09-10 13:33:10.478814+02|16384|test|33|496617482|0|740040|2378664401|562655048|551949226|64933836|54932772|0|0|1|200417280|0|||0|0|58279056.563|27960793.107|5625770.62|3679|0|0|0|
908|1662809591.494597|2022-09-10 13:33:11.494597+02|16384|test|33|496678355|0|740081|2379335916|562777077|552071176|64994705|54993641|0|0|1|200417280|0|||0|0|58311071.178|27982109.466|5632131.93|3681|0|0|0|
909|1662809592.510256|2022-09-10 13:33:12.510256+02|16384|test|33|496743357|0|740426|2380053399|562907369|552201384|65059703|55058639|0|0|1|200417280|0|||0|0|58343087.402|28003146.506|5638728.634|3683|0|0|0|
910|1662809593.525708|2022-09-10 13:33:13.525708+02|16384|test|33|496808094|0|740916|2380746454|563033175|552327100|65122455|55121335|0|0|1|200417280|0|||0|0|58375102.949|28024262.403|5645267.7|3685|0|0|0|
911|1662809594.541368|2022-09-10 13:33:14.541368+02|16384|test|33|496872657|0|741379|2381481260|563166568|552460392|65188995|55187931|0|0|1|200417280|0|||0|0|58407117.238|28045372.539|5651818.649|3687|0|0|0|
912|1662809595.556503|2022-09-10 13:33:15.556503+02|16384|test|33|496938553|0|741823|2382208539|563298675|552592388|65254887|55253823|0|0|1|200417280|0|||0|0|58441133.572|28068051.862|5658614.588|3689|0|0|0|
913|1662809596.571983|2022-09-10 13:33:16.571983+02|16384|test|33|497032445|0|742250|2383242751|563486805|552780376|65346759|55347711|0|0|1|200417280|0|||0|0|58489182.268|28099975.096|5668280.225|3691|0|0|0|
914|1662809597.587389|2022-09-10 13:33:17.587389+02|16384|test|33|497099308|0|742856|2383983114|563620829|552914306|65415634|55414570|0|0|1|200417280|0|||0|0|58522201.441|28121710.316|5675061.291|3693|0|0|0|
915|1662809598.603353|2022-09-10 13:33:18.603353+02|16384|test|33|497164273|0|743420|2384700195|563751058|553044440|65480595|55479531|0|0|1|200417280|0|||0|0|58554219.719|28142759.885|5681648.043|3695|0|0|0|
916|1662809599.618484|2022-09-10 13:33:19.618484+02|16384|test|33|497229196|0|743602|2385404380|563877199|553170488|65545514|55544450|0|0|1|200417280|0|||0|0|58586241.109|28163757.116|5688284.747|3697|0|0|0|
917|1662809600.633307|2022-09-10 13:33:20.633307+02|16384|test|33|497287607|0|743604|2386059060|563998308|553291516|65602008|55602857|0|0|1|200417280|0|||0|0|58617456.428|28184570.037|5694500.893|3699|0|0|0|
918|1662809601.648193|2022-09-10 13:33:21.648193+02|16384|test|33|497352665|0|744233|2386779844|564128728|553421836|65668975|55667911|0|0|1|200417280|0|||0|0|58649488.151|28205634.341|5701070.607|3701|0|0|0|
919|1662809602.663857|2022-09-10 13:33:22.663857+02|16384|test|33|497418205|0|744718|2387503136|564260102|553553120|65734511|55733447|0|0|1|200417280|0|||0|0|58681504.032|28226562.172|5707731.756|3703|0|0|0|
920|1662809603.679614|2022-09-10 13:33:23.679614+02|16384|test|33|497484924|0|745146|2388240086|564393855|553686762|65801226|55800162|0|0|1|200417280|0|||0|0|58714521.269|28248197.749|5714576.071|3705|0|0|0|
921|1662809604.695287|2022-09-10 13:33:24.695287+02|16384|test|33|497549884|0|745491|2388957148|564524065|553816886|65866182|55865118|0|0|1|200417280|0|||0|0|58746538.334|28269217.347|5721185.079|3707|0|0|0|
922|1662809605.710478|2022-09-10 13:33:25.710478+02|16384|test|33|497610676|0|745998|2389628571|564645929|553938674|65926970|55925906|0|0|1|200417280|0|||0|0|58778554.163|28290380.434|5727704.08|3709|0|0|0|
923|1662809606.725334|2022-09-10 13:33:26.725334+02|16384|test|33|497675701|0|746564|2390346636|564776279|554068928|65991991|55990927|0|0|1|200417280|0|||0|0|58810570.416|28311421.205|5734302.71|3711|0|0|0|
924|1662809607.741288|2022-09-10 13:33:27.741288+02|16384|test|33|497740959|0|746786|2391054102|564902979|554195536|66057245|56056181|0|0|1|200417280|0|||0|0|58842585.348|28332381.284|5740948.202|3713|0|0|0|
925|1662809608.756735|2022-09-10 13:33:28.756735+02|16384|test|33|497806350|0|747252|2391788426|565038162|554330634|66122632|56121568|0|0|1|200417280|0|||0|0|58874602.423|28353300.211|5747626.25|3715|0|0|0|
926|1662809609.772610|2022-09-10 13:33:29.77261+02|16384|test|33|497871613|0|747537|2392508833|565168984|554461364|66187891|56186827|0|0|1|200417280|0|||0|0|58906619.655|28374275.991|5754268.367|3717|0|0|0|
927|1662809610.788052|2022-09-10 13:33:30.788052+02|16384|test|33|497929313|0|748161|2393127524|565280991|554573306|66245587|56242619|0|0|1|200417280|0|||0|0|58937741.715|28395024.889|5760455.853|3719|0|0|0|
928|1662809611.803846|2022-09-10 13:33:31.803846+02|16384|test|33|497996205|0|748503|2393884085|565418735|554710956|66312475|56311411|0|0|1|200417280|0|||0|0|58970766.384|28416662.695|5767302.867|3721|0|0|0|
929|1662809612.819163|2022-09-10 13:33:32.819163+02|16384|test|33|498060957|0|748785|2394598444|565548522|554840664|66377223|56376159|0|0|1|200417280|0|||0|0|59003196.002|28438001.305|5773978.036|3723|0|0|0|
930|1662809613.834740|2022-09-10 13:33:33.83474+02|16384|test|33|498125766|0|749474|2395304591|565678426|554970486|66440014|56438983|0|0|1|200417280|0|||0|0|59035737.808|28459574.808|5780568.724|3725|0|0|0|
931|1662809614.850238|2022-09-10 13:33:34.850238+02|16384|test|33|498187956|0|749777|2395986831|565799108|555091084|66502221|56503150|0|0|1|200417280|0|||0|0|59067269.926|28480586.868|5786889.774|3727|0|0|0|
932|1662809615.865271|2022-09-10 13:33:35.865271+02|16384|test|33|498247663|0|749984|2396659976|565922794|555214688|66563917|56562853|0|0|1|200417280|0|||0|0|59100315.368|28502968.395|5793319.841|3729|0|0|0|
933|1662809616.880970|2022-09-10 13:33:36.88097+02|16384|test|33|498307865|0|750707|2397316524|566043477|555335296|66624115|56620999|0|0|1|200417280|0|||0|0|59131414.89|28523750.852|5799530.127|3731|0|0|0|
934|1662809617.896674|2022-09-10 13:33:37.896674+02|16384|test|33|498374874|0|751071|2398064086|566177790|555469518|66691120|56690056|0|0|1|200417280|0|||0|0|59164431.23|28545407.907|5806362.507|3733|0|0|0|
935|1662809618.911927|2022-09-10 13:33:38.911927+02|16384|test|33|498439205|0|751396|2398773976|566306742|555598384|66755447|56754383|0|0|1|200417280|0|||0|0|59196447.651|28566524.979|5812918.617|3735|0|0|0|
936|1662809619.926942|2022-09-10 13:33:39.926942+02|16384|test|33|498504052|0|751658|2399489300|566436733|555728282|66820290|56819226|0|0|1|200417280|0|||0|0|59228461.91|28587560.887|5819516.697|3737|0|0|0|
937|1662809620.942833|2022-09-10 13:33:40.942833+02|16384|test|33|498563140|0|752243|2400142035|566555194|555846662|66879374|56878310|0|0|1|200417280|0|||0|0|59260488.022|28608979.257|5825922.731|3739|0|0|0|
938|1662809621.957756|2022-09-10 13:33:41.957756+02|16384|test|33|498621767|0|752306|2400822935|566674394|555964274|66937993|56936933|0|0|1|200417280|0|||0|0|59292503.061|28630777.63|5832080.412|3741|0|0|0|
939|1662809622.972729|2022-09-10 13:33:42.972729+02|16384|test|33|498684823|0|753053|2401519453|566799048|556087060|67001045|56999985|0|0|1|200417280|0|||0|0|59324519.406|28652147.872|5838457.444|3743|0|0|0|
940|1662809623.988376|2022-09-10 13:33:43.988376+02|16384|test|33|498748058|0|753298|2402229526|566929800|556217648|67064276|57063216|0|0|1|200417280|0|||0|0|59356535.632|28673506.129|5844851.509|3745|0|0|0|
941|1662809625.003559|2022-09-10 13:33:45.003559+02|16384|test|33|498811062|0|753701|2402924866|567056114|556343860|67127276|57126216|0|0|1|200417280|0|||0|0|59388552.018|28694869.805|5851249.059|3747|0|0|0|
942|1662809626.018529|2022-09-10 13:33:46.018529+02|16384|test|33|498871968|0|754125|2403597238|567178223|556465876|67188178|57187118|0|0|1|200417280|0|||0|0|59420566.723|28716122.243|5857709.393|3749|0|0|0|
943|1662809627.034559|2022-09-10 13:33:47.034559+02|16384|test|33|498934077|0|754609|2404282902|567302725|556590298|67250283|57249223|0|0|1|200417280|0|||0|0|59452584.025|28737276.168|5864238.718|3751|0|0|0|
944|1662809628.049974|2022-09-10 13:33:48.049974+02|16384|test|33|498997691|0|754913|2404984973|567430254|556717730|67313893|57312833|0|0|1|200417280|0|||0|0|59484600.306|28758530.957|5870707.316|3753|0|0|0|
945|1662809629.065106|2022-09-10 13:33:49.065106+02|16384|test|33|499061180|0|755198|2405685777|567557532|556844912|67377378|57376318|0|0|1|200417280|0|||0|0|59516615.333|28779808.725|5877168.805|3755|0|0|0|
946|1662809630.080430|2022-09-10 13:33:50.08043+02|16384|test|33|499126269|0|755706|2406404612|567688014|556975294|67442463|57441403|0|0|1|200417280|0|||0|0|59548631.198|28800879.459|5883726.242|3757|0|0|0|
947|1662809631.095278|2022-09-10 13:33:51.095278+02|16384|test|33|499190619|0|756052|2407115311|567817012|557104198|67506809|57505749|0|0|1|200417280|0|||0|0|59580663.46|28821950.09|5890288.093|3759|0|0|0|
948|1662809632.110758|2022-09-10 13:33:52.110758+02|16384|test|33|499249377|0|756597|2407764209|567934801|557221918|67565563|57564503|0|0|1|200417280|0|||0|0|59612679.837|28843582.892|5896518.513|3761|0|0|0|
949|1662809633.126440|2022-09-10 13:33:53.12644+02|16384|test|33|499314003|0|757019|2408477313|568064338|557351374|67630185|57629125|0|0|1|200417280|0|||0|0|59644694.588|28864648.068|5903101.269|3763|0|0|0|
950|1662809634.141598|2022-09-10 13:33:54.141598+02|16384|test|33|499379023|0|757201|2409194621|568194670|557481618|67695201|57694141|0|0|1|200417280|0|||0|0|59676711.491|28885635.989|5909737.917|3765|0|0|0|
951|1662809635.157234|2022-09-10 13:33:55.157234+02|16384|test|33|499442256|0|757851|2409893377|568321431|557608288|67758430|57757370|0|0|1|200417280|0|||0|0|59708726.264|28907000.584|5916124.708|3767|0|0|0|
952|1662809636.172581|2022-09-10 13:33:56.172581+02|16384|test|33|499505528|0|758434|2410591981|568448279|557735036|67821698|57820638|0|0|1|200417280|0|||0|0|59740744.856|28928331.055|5922548.307|3769|0|0|0|
953|1662809637.187529|2022-09-10 13:33:57.187529+02|16384|test|33|499561322|0|758716|2411207640|568560178|557846828|67877488|57876428|0|0|1|200417280|0|||0|0|59772782.217|28950019.541|5928803.208|3771|0|0|0|
954|1662809638.202823|2022-09-10 13:33:58.202823+02|16384|test|33|499624586|0|758939|2411905607|568687008|557973560|67940748|57939688|0|0|1|200417280|0|||0|0|59803798.007|28970348.709|5935226.506|3773|0|0|0|
955|1662809639.218226|2022-09-10 13:33:59.218226+02|16384|test|33|499691487|0|759623|2412644168|568821097|558107566|68007645|58006585|0|0|1|200417280|0|||0|0|59836815.117|28992042.09|5942037.15|3775|0|0|0|
956|1662809640.233824|2022-09-10 13:34:00.233824+02|16384|test|33|499756510|0|759623|2413361162|568951429|558237816|68072664|58071604|0|0|1|200417280|0|||0|0|59868831.377|29013106.18|5948608.285|3777|0|0|0|
957|1662809641.248765|2022-09-10 13:34:01.248765+02|16384|test|33|499821449|0|760410|2414078464|569081604|558367898|68137599|58136539|0|0|1|200417280|0|||0|0|59900848.756|29034168.108|5955185.568|3779|0|0|0|
958|1662809642.263940|2022-09-10 13:34:02.26394+02|16384|test|33|499879252|0|760511|2414695888|569193814|558480046|68193585|58192507|0|0|1|200417280|0|||0|0|59933363.502|29056234.411|5961454.504|3781|0|0|0|
959|1662809643.279129|2022-09-10 13:34:03.279129+02|16384|test|33|499943591|0|761119|2415426804|569326456|558612590|68259733|58258673|0|0|1|200417280|0|||0|0|59965411.455|29077472.201|5967936.204|3783|0|0|0|
960|1662809644.294624|2022-09-10 13:34:04.294624+02|16384|test|33|500006635|0|761301|2416097851|569444713|558730774|68322773|58321713|0|0|1|200417280|0|||0|0|59996463.743|29097844.096|5974360.278|3785|0|0|0|
961|1662809645.310298|2022-09-10 13:34:05.310298+02|16384|test|33|500071504|0|761787|2416823930|569578714|558864698|68385572|58386578|0|0|1|200417280|0|||0|0|60028577.643|29118998.199|5980937.901|3787|0|0|0|
962|1662809646.325571|2022-09-10 13:34:06.325571+02|16384|test|33|500136249|0|762170|2417544691|569712627|558998518|68452379|58449307|0|0|1|200417280|0|||0|0|60060879.669|29140225.676|5987602.199|3789|0|0|0|
963|1662809647.340294|2022-09-10 13:34:07.340294+02|16384|test|33|500196637|0|762594|2418219366|569833692|559119498|68512763|58511703|0|0|1|200417280|0|||0|0|60093909.393|29162186.003|5994155.205|3791|0|0|0|
964|1662809648.356193|2022-09-10 13:34:08.356193+02|16384|test|33|500261379|0|763117|2418933928|569963467|559249186|68577501|58576441|0|0|1|200417280|0|||0|0|60125926.764|29183232.7|6000754.024|3793|0|0|0|
965|1662809649.371345|2022-09-10 13:34:09.371345+02|16384|test|33|500324246|0|763261|2419613649|570085503|559371142|68638373|58639304|0|0|1|200417280|0|||0|0|60156943.927|29203628.839|6007129.71|3795|0|0|0|
966|1662809650.387154|2022-09-10 13:34:10.387154+02|16384|test|33|500387182|0|763644|2420322247|570215643|559501200|68703296|58702236|0|0|1|200417280|0|||0|0|60187960.247|29223957.377|6013557.918|3797|0|0|0|
967|1662809651.402808|2022-09-10 13:34:11.402808+02|16384|test|33|500456429|0|764049|2421086673|570354435|559639898|68772539|58771479|0|0|1|200417280|0|||0|0|60221977.466|29246290.166|6020577.837|3799|0|0|0|
968|1662809652.418241|2022-09-10 13:34:12.418241+02|16384|test|33|500513820|0|764595|2421720565|570469504|559754884|68829926|58828866|0|0|1|200417280|0|||0|0|60253995.526|29267936.619|6026835.337|3801|0|0|0|
969|1662809653.433138|2022-09-10 13:34:13.433138+02|16384|test|33|500602613|0|765623|2422700547|570647385|559932674|68918715|58917655|0|0|1|200417280|0|||0|0|60298016.05|29296906.506|6035885.553|3803|0|0|0|
970|1662809654.448962|2022-09-10 13:34:14.448962+02|16384|test|33|500669131|0|765623|2423434027|570780715|560065914|68985229|58984169|0|0|1|200417280|0|||0|0|60331032.107|29318682.295|6042638.661|3805|0|0|0|
971|1662809655.464108|2022-09-10 13:34:15.464108+02|16384|test|33|500734019|0|765946|2424147863|570910790|560195894|69048066|59049053|0|0|1|200417280|0|||0|0|60363048.086|29339738.663|6049222.88|3807|0|0|0|
972|1662809656.479083|2022-09-10 13:34:16.479083+02|16384|test|33|500796069|0|766472|2424835140|571035167|560320198|69112159|59111099|0|0|1|200417280|0|||0|0|60395063.19|29361104.64|6055634.245|3809|0|0|0|
973|1662809657.495009|2022-09-10 13:34:17.495009+02|16384|test|33|500856834|0|766896|2425505957|571156996|560441932|69172920|59171860|0|0|1|200417280|0|||0|0|60427077.529|29382578.682|6061971.535|3811|0|0|0|
974|1662809658.510384|2022-09-10 13:34:18.510384+02|16384|test|33|500921797|0|767180|2426222829|571287189|560572062|69237879|59236819|0|0|1|200417280|0|||0|0|60459093.373|29403673.653|6068517.842|3813|0|0|0|
975|1662809659.526024|2022-09-10 13:34:19.526024+02|16384|test|33|500987010|0|767705|2426942657|571417894|560702692|69303088|59302028|0|0|1|200417280|0|||0|0|60491109.658|29424746.949|6075077.961|3815|0|0|0|
976|1662809660.541336|2022-09-10 13:34:20.541336+02|16384|test|33|501052341|0|768150|2427663744|571548842|560833558|69368415|59367355|0|0|1|200417280|0|||0|0|60523126.071|29445796.306|6081658.107|3817|0|0|0|
977|1662809661.555956|2022-09-10 13:34:21.555956+02|16384|test|33|501113141|0|768514|2428324063|571667032|560951672|69429211|59428151|0|0|1|200417280|0|||0|0|60554166.936|29466459.353|6087892.932|3819|0|0|0|
978|1662809662.571574|2022-09-10 13:34:22.571574+02|16384|test|33|501174885|0|768577|2429016444|571794492|561079054|69490951|59489891|0|0|1|200417280|0|||0|0|60587187.079|29488548.642|6094453.788|3821|0|0|0|
979|1662809663.587325|2022-09-10 13:34:23.587325+02|16384|test|33|501239851|0|769344|2429733952|571924712|561209190|69555913|59554853|0|0|1|200417280|0|||0|0|60619202.815|29509626.304|6101018.131|3823|0|0|0|
980|1662809664.602953|2022-09-10 13:34:24.602953+02|16384|test|33|501304895|0|769488|2430451712|572055083|561339482|69620953|59619893|0|0|1|200417280|0|||0|0|60651218.289|29530716.117|6107564.856|3825|0|0|0|
981|1662809665.618892|2022-09-10 13:34:25.618892+02|16384|test|33|501369826|0|770113|2431168613|572185230|561469548|69685880|59684820|0|0|1|200417280|0|||0|0|60683233.384|29551798.94|6114130.243|3827|0|0|0|
982|1662809666.633536|2022-09-10 13:34:26.633536+02|16384|test|33|501434886|0|770477|2431886666|572315630|561599872|69750936|59749876|0|0|1|200417280|0|||0|0|60715248.588|29572871.654|6120695.676|3829|0|0|0|
983|1662809667.648804|2022-09-10 13:34:27.648804+02|16384|test|33|501492966|0|770905|2432527842|572432051|561716236|69809012|59807952|0|0|1|200417280|0|||0|0|60747264.213|29594467.945|6126974.969|3831|0|0|0|
984|1662809668.664166|2022-09-10 13:34:28.664166+02|16384|test|33|501555701|0|771419|2433218160|572557802|561841910|69869642|59870683|0|0|1|200417280|0|||0|0|60778279.234|29614838.082|6133380.676|3833|0|0|0|
985|1662809669.679921|2022-09-10 13:34:29.679921+02|16384|test|33|501622281|0|771419|2433954543|572691245|561975274|69938319|59937259|0|0|1|200417280|0|||0|0|60811302.197|29636481.837|6140230.596|3835|0|0|0|
986|1662809670.695180|2022-09-10 13:34:30.69518+02|16384|test|33|501686911|0|771945|2434668072|572820792|562104738|70002945|60001885|0|0|1|200417280|0|||0|0|60843319.018|29657520.413|6146830.632|3837|0|0|0|
987|1662809671.710036|2022-09-10 13:34:31.710036+02|16384|test|33|501751809|0|772330|2435384431|572950868|562234738|70067839|60066779|0|0|1|200417280|0|||0|0|60875334.173|29678607.371|6153393.312|3839|0|0|0|
988|1662809672.725896|2022-09-10 13:34:32.725896+02|16384|test|33|501847930|0|772937|2436445427|573143458|562427184|70163956|60162896|0|0|1|200417280|0|||0|0|60926360.454|29712540.479|6163686.558|3841|0|0|0|
989|1662809673.741868|2022-09-10 13:34:33.741868+02|16384|test|33|501910638|0|773660|2437125585|573265133|562548790|70226660|60225600|0|0|1|200417280|0|||0|0|60957379.799|29732927.871|6170077.261|3843|0|0|0|
990|1662809674.757493|2022-09-10 13:34:34.757493+02|16384|test|33|501971656|0|773661|2437798651|573387500|562671088|70287674|60286614|0|0|1|200417280|0|||0|0|60987460.5|29752756.577|6176220.828|3845|0|0|0|
991|1662809675.772454|2022-09-10 13:34:35.772454+02|16384|test|33|502042770|0|774326|2438583261|573529843|562813344|70358784|60357724|0|0|1|200417280|0|||0|0|61022498.608|29775782.361|6183440.115|3847|0|0|0|
992|1662809676.787951|2022-09-10 13:34:36.787951+02|16384|test|33|502107191|0|774668|2439306395|573663093|562946522|70423201|60422141|0|0|1|200417280|0|||0|0|61054727.805|29796939.116|6190083.749|3849|0|0|0|
993|1662809677.803487|2022-09-10 13:34:37.803487+02|16384|test|33|502165309|0|775110|2439947746|573779619|563062962|70481315|60480255|0|0|1|200417280|0|||0|0|61086744.854|29818522.784|6196360.635|3851|0|0|0|
994|1662809678.818954|2022-09-10 13:34:38.818954+02|16384|test|33|502227801|0|775494|2440637457|573904873|563188150|70543803|60542743|0|0|1|200417280|0|||0|0|61118764.9|29839839.957|6202795.236|3853|0|0|0|
995|1662809679.833979|2022-09-10 13:34:39.833979+02|16384|test|33|502291305|0|776140|2441338897|574032155|563315362|70607303|60606243|0|0|1|200417280|0|||0|0|61150781.002|29861142.165|6209228.42|3855|0|0|0|
996|1662809680.849888|2022-09-10 13:34:40.849888+02|16384|test|33|502354841|0|776363|2442039690|574159496|563442638|70670835|60669775|0|0|1|200417280|0|||0|0|61182798.249|29882451.874|6215652.39|3857|0|0|0|
997|1662809681.865918|2022-09-10 13:34:41.865918+02|16384|test|34|502416001|0|776687|2442711048|574282748|563565162|70731991|60728974|0|0|1|200417280|0|||0|0|61213813.839|29903111.853|6221869.688|3859|0|0|0|
998|1662809682.881370|2022-09-10 13:34:42.88137+02|16384|test|34|502471733|0|777129|2443340433|574395750|563677195|70787719|60786659|0|0|1|200417280|0|||0|0|61245829.715|29924959.733|6227990.821|3861|0|0|0|
999|1662809683.896690|2022-09-10 13:34:43.89669+02|16384|test|34|502531766|0|777433|2444003110|574516114|563797472|70847748|60846688|0|0|1|200417280|0|||0|0|61277015.859|29945923.99|6234121.08|3863|0|0|0|
1000|1662809684.912586|2022-09-10 13:34:44.912586+02|16384|test|34|502595735|0|777860|2444709764|574644386|563925626|70911713|60910653|0|0|1|200417280|0|||0|0|61310450.238|29968448.453|6240658.619|3865|0|0|0|
1001|1662809685.927833|2022-09-10 13:34:45.927833+02|16384|test|34|502659293|0|778406|2445411872|574771795|564052946|70975267|60974207|0|0|1|200417280|0|||0|0|61343499.853|29990688.204|6247132.189|3867|0|0|0|
1002|1662809686.943353|2022-09-10 13:34:46.943353+02|16384|test|33|502721835|0|778632|2446315092|574901345|564178924|71037798|61034756|0|0|1|200417280|0|||0|0|61375515.763|30012092.602|6253479.534|3869|0|0|0|
1003|1662809687.958568|2022-09-10 13:34:47.958568+02|16384|test|33|502777719|0|778955|2446941268|575013673|564291014|71093678|61092628|0|0|1|200417280|0|||0|0|61407532.343|30033850.394|6259683.35|3871|0|0|0|
1004|1662809688.974503|2022-09-10 13:34:48.974503+02|16384|test|33|502841174|0|779416|2447633548|575140882|564418128|71157129|61154130|0|0|1|200417280|0|||0|0|61439548.702|30055142.912|6266117.879|3873|0|0|0|
1005|1662809689.989972|2022-09-10 13:34:49.989972+02|16384|test|33|502904443|0|779778|2448339637|575267716|564544870|71220394|61219344|0|0|1|200417280|0|||0|0|61471563.795|30076515.572|6272499.284|3875|0|0|0|
1006|1662809691.005516|2022-09-10 13:34:51.005516+02|16384|test|33|502967459|0|780475|2449035452|575394062|564671106|71283406|61282356|0|0|1|200417280|0|||0|0|61503578.849|30097891.362|6278883.836|3877|0|0|0|
1007|1662809692.020743|2022-09-10 13:34:52.020743+02|16384|test|33|503031216|0|780476|2449738719|575521899|564798824|71347159|61346109|0|0|1|200417280|0|||0|0|61535594.711|30119139.507|6285345.509|3879|0|0|0|
1008|1662809693.036155|2022-09-10 13:34:53.036155+02|16384|test|33|503084272|0|780820|2450324506|575628296|564905140|71400211|61399161|0|0|1|200417280|0|||0|0|61567609.231|30141300.301|6291284.519|3881|0|0|0|
1009|1662809694.051642|2022-09-10 13:34:54.051642+02|16384|test|33|503147081|0|781321|2451017666|575754220|565030962|71463016|61461966|0|0|1|200417280|0|||0|0|61599624.166|30162656.146|6297688.462|3883|0|0|0|
1010|1662809695.067037|2022-09-10 13:34:55.067037+02|16384|test|33|503210657|0|781829|2451719736|575881673|565158318|71526588|61525538|0|0|1|200417280|0|||0|0|61631640.378|30183970.278|6304107.358|3885|0|0|0|
1011|1662809696.082294|2022-09-10 13:34:56.082294+02|16384|test|33|503274359|0|782114|2452422893|576009387|565285926|71590286|61589236|0|0|1|200417280|0|||0|0|61663654.907|30205253.989|6310543.408|3887|0|0|0|
1012|1662809697.097678|2022-09-10 13:34:57.097678+02|16384|test|33|503337820|0|782543|2453123816|576136615|565413052|71653743|61652693|0|0|1|200417280|0|||0|0|61695671.084|30226567.006|6316961.398|3889|0|0|0|
1013|1662809698.113608|2022-09-10 13:34:58.113608+02|16384|test|33|503392282|0|783088|2453725472|576245811|565522180|71708201|61707151|0|0|1|200417280|0|||0|0|61727689.967|30248763.425|6322890.771|3891|0|0|0|
1014|1662809699.129151|2022-09-10 13:34:59.129151+02|16384|test|33|503455436|0|783431|2454422449|576372402|565648692|71771351|61770301|0|0|1|200417280|0|||0|0|61759705.69|30270134.606|6329273.332|3893|0|0|0|
1015|1662809700.144827|2022-09-10 13:35:00.144827+02|16384|test|33|503517300|0|783716|2455103097|576496422|565772624|71831141|61832161|0|0|1|200417280|0|||0|0|61790926.844|30290870.526|6335577.436|3895|0|0|0|
1016|1662809701.160525|2022-09-10 13:35:01.160525+02|16384|test|33|503579382|0|784082|2455756609|576612868|565888994|71893298|61892231|0|0|1|200417280|0|||0|0|61822266.873|30311716.224|6341885.844|3897|0|0|0|
1017|1662809702.176276|2022-09-10 13:35:02.176276+02|16384|test|33|503647111|0|784631|2456538844|576756646|566032654|71963014|61961964|0|0|1|200417280|0|||0|0|61856775.027|30334694.32|6348817.212|3899|0|0|0|
1018|1662809703.191567|2022-09-10 13:35:03.191567+02|16384|test|33|503702448|0|784993|2457149748|576867602|566143532|72018347|62017297|0|0|1|200417280|0|||0|0|61888790.196|30356699.446|6354843.233|3901|0|0|0|
1019|1662809704.206781|2022-09-10 13:35:04.206781+02|16384|test|33|503764992|0|785355|2457832282|576992976|566268824|72080887|62077964|0|0|1|200417280|0|||0|0|61920806.661|30378121.45|6361208.363|3903|0|0|0|
1020|1662809705.222249|2022-09-10 13:35:05.222249+02|16384|test|33|503826544|0|785737|2458505022|577112402|566388176|72140457|62141385|0|0|1|200417280|0|||0|0|61951967.794|30398869.927|6367463.625|3905|0|0|0|
1021|1662809706.237918|2022-09-10 13:35:06.237918+02|16384|test|33|503893010|0|786081|2459242186|577249587|566525268|72206858|62205806|0|0|1|200417280|0|||0|0|61985368.876|30421087.759|6374175.486|3907|0|0|0|
1022|1662809707.253081|2022-09-10 13:35:07.253081+02|16384|test|33|503957381|0|786886|2459963479|577378628|566654214|72273264|62272214|0|0|1|200417280|0|||0|0|62017984.314|30442829.653|6380707.638|3909|0|0|0|
1023|1662809708.268353|2022-09-10 13:35:08.268353+02|16384|test|33|504015760|0|786887|2460588794|577492020|566767516|72331639|62328744|0|0|1|200417280|0|||0|0|62050001.804|30464574.703|6386913.785|3911|0|0|0|
1024|1662809709.283350|2022-09-10 13:35:09.28335+02|16384|test|33|504075465|0|787188|2461251871|577611332|566886746|72389363|62390290|0|0|1|200417280|0|||0|0|62081016.862|30485389.353|6393039.221|3913|0|0|0|
1025|1662809710.298974|2022-09-10 13:35:10.298974+02|16384|test|33|504139114|0|787634|2461968549|577742965|567018292|72454985|62453935|0|0|1|200417280|0|||0|0|62113034.22|30506709.758|6399457.512|3915|0|0|0|
1026|1662809711.315213|2022-09-10 13:35:11.315213+02|16384|test|33|504204273|0|788281|2462688239|577873582|567148814|72520140|62519090|0|0|1|200417280|0|||0|0|62146051.979|30528714.287|6406072.341|3917|0|0|0|
1027|1662809712.330324|2022-09-10 13:35:12.330324+02|16384|test|33|504267099|0|788624|2463373375|577999536|567274670|72582962|62579880|0|0|1|200417280|0|||0|0|62178067.044|30550152.518|6412408.139|3919|0|0|0|
1028|1662809713.345227|2022-09-10 13:35:13.345227+02|16384|test|33|504325305|0|788846|2464011778|578112776|567387840|72639446|62640114|0|0|1|200417280|0|||0|0|62210085.824|30571935.268|6418483.204|3921|0|0|0|
1029|1662809714.360256|2022-09-10 13:35:14.360256+02|16384|test|33|504384068|0|789410|2464672627|578234034|567509016|72699923|62698873|0|0|1|200417280|0|||0|0|62242102.161|30593676.446|6424613.511|3923|0|0|0|
1030|1662809715.375282|2022-09-10 13:35:15.375282+02|16384|test|33|504447856|0|789636|2465376701|578361902|567636796|72763707|62762657|0|0|1|200417280|0|||0|0|62274117.839|30614937.565|6431076.023|3925|0|0|0|
1031|1662809716.389911|2022-09-10 13:35:16.389911+02|16384|test|33|504511350|0|790160|2466077747|578489182|567763988|72827197|62826147|0|0|1|200417280|0|||0|0|62306131.318|30636332.46|6437434.131|3927|0|0|0|
1032|1662809717.405938|2022-09-10 13:35:17.405938+02|16384|test|33|504574605|0|790502|2466775594|578615984|567890702|72890448|62889398|0|0|1|200417280|0|||0|0|62338146.787|30657698.234|6443823.843|3929|0|0|0|
1033|1662809718.421672|2022-09-10 13:35:18.421672+02|16384|test|33|504634204|0|790846|2467433391|578735450|568010104|72950043|62948993|0|0|1|200417280|0|||0|0|62370166.926|30679267.742|6450134.1|3931|0|0|0|
1034|1662809719.437102|2022-09-10 13:35:19.437102+02|16384|test|33|504691366|0|791471|2468064897|578850064|568124632|73007201|63006151|0|0|1|200417280|0|||0|0|62402183.703|30701145.401|6456281.783|3933|0|0|0|
1035|1662809720.452597|2022-09-10 13:35:20.452597+02|16384|test|33|504753166|0|791473|2468732616|578970028|568244518|73067015|63067947|0|0|1|200417280|0|||0|0|62433341.395|30721862.254|6462557.328|3935|0|0|0|
1036|1662809721.467743|2022-09-10 13:35:21.467743+02|16384|test|33|504819276|0|791898|2469476279|579106466|568380860|73135103|63134053|0|0|1|200417280|0|||0|0|62466714.124|30744050.159|6469283.624|3937|0|0|0|
1037|1662809722.482588|2022-09-10 13:35:22.482588+02|16384|test|33|504883257|0|792564|2470170793|579230690|568504996|73199080|63198030|0|0|1|200417280|0|||0|0|62499058.355|30765616.342|6475754.423|3939|0|0|0|
1038|1662809723.497142|2022-09-10 13:35:23.497142+02|16384|test|33|504946277|0|792911|2470878835|579361037|568635270|73262096|63261046|0|0|1|200417280|0|||0|0|62531413.172|30787060.02|6482293.119|3941|0|0|0|
1039|1662809724.512650|2022-09-10 13:35:24.51265+02|16384|test|33|505001791|0|793413|2471491557|579472333|568746502|73317606|63316556|0|0|1|200417280|0|||0|0|62563428.719|30808974.152|6488405.391|3943|0|0|0|
1040|1662809725.527827|2022-09-10 13:35:25.527827+02|16384|test|33|505065603|0|793776|2472181554|579596266|568870368|73379383|63380364|0|0|1|200417280|0|||0|0|62595591.917|30830351.639|6494889.706|3945|0|0|0|
1041|1662809726.542788|2022-09-10 13:35:26.542788+02|16384|test|33|505130072|0|794063|2472907005|579729473|569003472|73445879|63444829|0|0|1|200417280|0|||0|0|62628001.308|30851939.133|6501382.002|3947|0|0|0|
1042|1662809727.557761|2022-09-10 13:35:27.557761+02|16384|test|33|505194514|0|794450|2473618500|579858638|569132560|73510317|63509267|0|0|1|200417280|0|||0|0|62660455.572|30873605.346|6507841.452|3949|0|0|0|
1043|1662809728.573367|2022-09-10 13:35:28.573367+02|16384|test|33|505258877|0|794916|2474329145|579987656|569261490|73574676|63573626|0|0|1|200417280|0|||0|0|62693038.682|30895331.395|6514358.124|3951|0|0|0|
1044|1662809729.588643|2022-09-10 13:35:29.588643+02|16384|test|33|505314275|0|795278|2474940586|580098712|569372490|73630070|63629020|0|0|1|200417280|0|||0|0|62725053.731|30916971.055|6520642.665|3953|0|0|0|
1045|1662809730.604285|2022-09-10 13:35:30.604285+02|16384|test|33|505377694|0|795661|2475640514|580225847|569499532|73693485|63692435|0|0|1|200417280|0|||0|0|62757068.88|30938239.681|6527105.62|3955|0|0|0|
1046|1662809731.620021|2022-09-10 13:35:31.620021+02|16384|test|33|505441026|0|796009|2476339640|580352793|569626400|73756813|63755763|0|0|1|200417280|0|||0|0|62789083.91|30959635.277|6533470.3|3957|0|0|0|
1047|1662809732.635467|2022-09-10 13:35:32.635467+02|16384|test|33|505529904|0|796593|2477301216|580527020|569800522|73845687|63842718|0|0|1|200417280|0|||0|0|62834102.059|30989723.989|6542420.529|3959|0|0|0|
1048|1662809733.650472|2022-09-10 13:35:33.650472+02|16384|test|33|505588870|0|797259|2477971842|580649071|569922496|73904649|63903599|0|0|1|200417280|0|||0|0|62866116.899|31011451.593|6548606.615|3961|0|0|0|
1049|1662809734.666433|2022-09-10 13:35:34.666433+02|16384|test|33|505645028|0|797261|2478591159|580761656|570035016|73960803|63959753|0|0|1|200417280|0|||0|0|62898134.704|31033376.09|6554690.825|3963|0|0|0|
1050|1662809735.682260|2022-09-10 13:35:35.68226+02|16384|test|33|505708159|0|797846|2479288077|580888214|570161482|74023930|64022880|0|0|1|200417280|0|||0|0|62930150.363|31054800.753|6561039.091|3965|0|0|0|
1051|1662809736.697134|2022-09-10 13:35:36.697134+02|16384|test|33|505771377|0|798268|2479985583|581014916|570288122|74087144|64086094|0|0|1|200417280|0|||0|0|62962165.393|31076193.919|6567414.716|3967|0|0|0|
1052|1662809737.712159|2022-09-10 13:35:37.712159+02|16384|test|33|505835080|0|798430|2480688262|581142593|570415732|74150843|64149793|0|0|1|200417280|0|||0|0|62994182.203|31097539.643|6573809.259|3969|0|0|0|
1053|1662809738.727706|2022-09-10 13:35:38.727706+02|16384|test|33|505894785|0|798775|2481347199|581262267|570535346|74210544|64209494|0|0|1|200417280|0|||0|0|63026394.086|31119396.976|6580032.183|3971|0|0|0|
1054|1662809739.743278|2022-09-10 13:35:39.743278+02|16384|test|33|505950749|0|798977|2481964725|581374459|570647478|74266504|64265454|0|0|1|200417280|0|||0|0|63057769.462|31140937.611|6585957.967|3973|0|0|0|
1055|1662809740.758891|2022-09-10 13:35:40.758891+02|16384|test|33|506014425|0|799541|2482667576|581502085|570775034|74330176|64329126|0|0|1|200417280|0|||0|0|63090043.798|31162528.437|6592362.113|3975|0|0|0|
1056|1662809741.774137|2022-09-10 13:35:41.774137+02|16384|test|34|506080556|0|800206|2483399653|581634947|570907500|74396303|64395253|0|0|1|200417280|0|||0|0|63123370.24|31184739.117|6599035.566|3977|0|0|0|
1057|1662809742.789747|2022-09-10 13:35:42.789747+02|16384|test|33|506142223|0|800695|2484119028|581761141|571031559|74457962|64456916|0|0|1|200417280|0|||0|0|63154687.292|31205657.403|6605265.506|3979|0|0|0|
1058|1662809743.804871|2022-09-10 13:35:43.804871+02|16384|test|33|506203344|0|800957|2484793928|581883765|571154022|74519079|64518033|0|0|1|200417280|0|||0|0|63186703.801|31227138.05|6611589.497|3981|0|0|0|
1059|1662809744.820253|2022-09-10 13:35:44.820253+02|16384|test|33|506262716|0|801322|2485431343|581999465|571269646|74576785|64575739|0|0|1|200417280|0|||0|0|63219890.064|31249848.602|6617889.981|3983|0|0|0|
1060|1662809745.835918|2022-09-10 13:35:45.835918+02|16384|test|33|506327116|0|801505|2486160009|582131872|571401974|74642843|64641797|0|0|1|200417280|0|||0|0|63252260.835|31271464.5|6624331.68|3985|0|0|0|
1061|1662809746.851058|2022-09-10 13:35:46.851058+02|16384|test|33|506391353|0|801866|2486868672|582260632|571530652|74707076|64706030|0|0|1|200417280|0|||0|0|63284794.958|31293216.723|6630797.539|3987|0|0|0|
1062|1662809747.866865|2022-09-10 13:35:47.866865+02|16384|test|33|506455635|0|802530|2487578329|582389474|571659420|74771354|64770308|0|0|1|200417280|0|||0|0|63317316.43|31314949.629|6637269.87|3989|0|0|0|
1063|1662809748.881681|2022-09-10 13:35:48.881681+02|16384|test|33|506513616|0|803173|2488218652|582505713|571775586|74829331|64828285|0|0|1|200417280|0|||0|0|63348924.827|31336571.702|6643259.403|3991|0|0|0|
1064|1662809749.897233|2022-09-10 13:35:49.897233+02|16384|test|33|506575187|0|803376|2488897900|582629145|571898932|74890898|64889852|0|0|1|200417280|0|||0|0|63381968.941|31358879.132|6649691.017|3993|0|0|0|
1065|1662809750.912767|2022-09-10 13:35:50.912767+02|16384|test|33|506638525|0|803798|2489594753|582756104|572025812|74952278|64953186|0|0|1|200417280|0|||0|0|63413983.464|31380297.571|6656033.771|3995|0|0|0|
1066|1662809751.927873|2022-09-10 13:35:51.927873+02|16384|test|33|506698145|0|803942|2490254660|582875627|572145256|75013848|65012802|0|0|1|200417280|0|||0|0|63443998.683|31400349.896|6661999.819|3997|0|0|0|
1067|1662809752.943739|2022-09-10 13:35:52.943739+02|16384|test|33|506765372|0|804268|2490988502|583010372|572279914|75081071|65077998|0|0|1|200417280|0|||0|0|63478015.923|31423073.213|6668773.827|3999|0|0|0|
1068|1662809753.958292|2022-09-10 13:35:53.958292+02|16384|test|33|506824906|0|804952|2491654023|583129727|572399186|75140601|65139555|0|0|1|200417280|0|||0|0|63510031.972|31444740.528|6674999.017|4001|0|0|0|
1069|1662809754.973815|2022-09-10 13:35:54.973815+02|16384|test|33|506881182|0|805466|2492275386|583242537|572511942|75196873|65195827|0|0|1|200417280|0|||0|0|63542048.249|31466715.124|6681039.92|4003|0|0|0|
1070|1662809755.988908|2022-09-10 13:35:55.988908+02|16384|test|33|506944847|0|805529|2492977465|583370162|572639476|75260534|65259488|0|0|1|200417280|0|||0|0|63574065.125|31488028.151|6687462.231|4005|0|0|0|
1071|1662809757.004421|2022-09-10 13:35:57.004421+02|16384|test|33|507006154|0|805993|2493652339|583493049|572762294|75319842|65320791|0|0|1|200417280|0|||0|0|63605080.18|31508749.789|6693635.208|4007|0|0|0|
1072|1662809758.020130|2022-09-10 13:35:58.02013+02|16384|test|33|507071682|0|806337|2494377656|583624389|572893554|75387361|65386315|0|0|1|200417280|0|||0|0|63638097.724|31530823.807|6700188.483|4009|0|0|0|
1073|1662809759.035085|2022-09-10 13:35:59.035085+02|16384|test|33|507164847|0|807045|2495406155|583811044|573080088|75480522|65479476|0|0|1|200417280|0|||0|0|63689118.942|31565635.301|6709924.634|4011|0|0|0|
1074|1662809760.050113|2022-09-10 13:36:00.050113+02|16384|test|33|507226874|0|807310|2496090713|583935401|573204346|75542545|65541499|0|0|1|200417280|0|||0|0|63721255.354|31587181.666|6716301.887|4013|0|0|0|
1075|1662809761.065622|2022-09-10 13:36:01.065622+02|16384|test|33|507288801|0|807733|2496774300|584059535|573328404|75604468|65603422|0|0|1|200417280|0|||0|0|63752622.663|31608129.704|6722555.866|4015|0|0|0|
1076|1662809762.081217|2022-09-10 13:36:02.081217+02|16384|test|33|507355017|0|808397|2497505084|584192248|573461040|75670680|65669634|0|0|1|200417280|0|||0|0|63785944.19|31630311.358|6729246.367|4017|0|0|0|
1077|1662809763.095883|2022-09-10 13:36:03.095883+02|16384|test|33|507419245|0|808780|2498205715|584320997|573589700|75734904|65731794|0|0|1|200417280|0|||0|0|63818236.952|31651825.626|6735714.32|4019|0|0|0|
1078|1662809764.111400|2022-09-10 13:36:04.1114+02|16384|test|33|507476210|0|808943|2498832129|584431752|573700388|75791865|65790819|0|0|1|200417280|0|||0|0|63849321.158|31672913.907|6741740.438|4021|0|0|0|
1079|1662809765.126783|2022-09-10 13:36:05.126783+02|16384|test|33|507538689|0|809348|2499530325|584560432|573828996|75852476|65853294|0|0|1|200417280|0|||0|0|63882339.403|31695287.4|6748131.237|4023|0|0|0|
1080|1662809766.141374|2022-09-10 13:36:06.141374+02|16384|test|33|507600794|0|809835|2500216086|584684924|573953410|75914482|65915395|0|0|1|200417280|0|||0|0|63913490.517|31716022.094|6754382.915|4025|0|0|0|
1081|1662809767.157171|2022-09-10 13:36:07.157171+02|16384|test|33|507664817|0|810279|2500924798|584813248|574081660|75980460|65979414|0|0|1|200417280|0|||0|0|63946188.518|31737841.048|6760914.851|4027|0|0|0|
1082|1662809768.173152|2022-09-10 13:36:08.173152+02|16384|test|33|507731254|0|810624|2501657958|584946406|574214738|76046893|66045847|0|0|1|200417280|0|||0|0|63979731.739|31760207.153|6767622.362|4029|0|0|0|
1083|1662809769.188409|2022-09-10 13:36:09.188409+02|16384|test|33|507792251|0|810990|2502313036|585065024|574333294|76107886|66104996|0|0|1|200417280|0|||0|0|64011750.426|31781536.21|6774078.959|4031|0|0|0|
1084|1662809770.203778|2022-09-10 13:36:10.203778+02|16384|test|33|507851052|0|811237|2502980774|585186553|574454742|76166683|66165637|0|0|1|200417280|0|||0|0|64043766.403|31803374.542|6780186.805|4033|0|0|0|
1085|1662809771.219645|2022-09-10 13:36:11.219645+02|16384|test|33|507912585|0|811880|2503647878|585305835|574573956|76228212|66227166|0|0|1|200417280|0|||0|0|64074781.292|31824057.488|6786385.799|4035|0|0|0|
1086|1662809772.234971|2022-09-10 13:36:12.234971+02|16384|test|33|507978253|0|812044|2504384476|585441510|574709552|76293876|66292830|0|0|1|200417280|0|||0|0|64107797.553|31846069.384|6792987.129|4037|0|0|0|
1087|1662809773.250356|2022-09-10 13:36:13.250356+02|16384|test|33|508041530|0|812890|2505083367|585568338|574836310|76357149|66356103|0|0|1|200417280|0|||0|0|64139816.592|31867535.644|6799297.386|4039|0|0|0|
1088|1662809774.264710|2022-09-10 13:36:14.26471+02|16384|test|33|508101946|0|812890|2505749569|585689440|574957346|76417561|66416515|0|0|1|200417280|0|||0|0|64171833.065|31889155.749|6805548.706|4041|0|0|0|
1089|1662809775.279437|2022-09-10 13:36:15.279437+02|16384|test|33|508157132|0|813237|2506359313|585800075|575067922|76472743|66471697|0|0|1|200417280|0|||0|0|64202849.39|31910455.584|6811395.295|4043|0|0|0|
1090|1662809776.294257|2022-09-10 13:36:16.294257+02|16384|test|33|508222043|0|813765|2507076194|585930189|575197948|76537650|66536604|0|0|1|200417280|0|||0|0|64235865.555|31932469.5|6817999.785|4045|0|0|0|
1091|1662809777.308747|2022-09-10 13:36:17.308747+02|16384|test|33|508285549|0|814227|2507777108|586057489|575325164|76601152|66600106|0|0|1|200417280|0|||0|0|64267880.787|31953864.086|6824363.496|4047|0|0|0|
1092|1662809778.324090|2022-09-10 13:36:18.32409+02|16384|test|33|508349033|0|814650|2508477744|586184731|575452336|76664632|66663586|0|0|1|200417280|0|||0|0|64299897.677|31975293.395|6830697.656|4049|0|0|0|
1093|1662809779.338913|2022-09-10 13:36:19.338913+02|16384|test|33|508412625|0|815057|2509179924|586312186|575579724|76728220|66727174|0|0|1|200417280|0|||0|0|64331914.056|31996701.937|6837041.099|4051|0|0|0|
1094|1662809780.354203|2022-09-10 13:36:20.354203+02|16384|test|33|508466290|0|815459|2509772199|586419785|575687258|76781881|66780835|0|0|1|200417280|0|||0|0|64363928.831|32018948.169|6842927.967|4053|0|0|0|
1095|1662809781.369539|2022-09-10 13:36:21.369539+02|16384|test|33|508527826|0|815602|2510451046|586543134|575810534|76843413|66842367|0|0|1|200417280|0|||0|0|64394945.453|32039650.677|6849110.248|4055|0|0|0|
1096|1662809782.384674|2022-09-10 13:36:22.384674+02|16384|test|33|508593419|0|816244|2511174976|586674602|575941924|76909002|66907956|0|0|1|200417280|0|||0|0|64427961.953|32061679.517|6855697.325|4057|0|0|0|
1097|1662809783.400555|2022-09-10 13:36:23.400555+02|16384|test|33|508657558|0|816547|2511882664|586803166|576070406|76973137|66972091|0|0|1|200417280|0|||0|0|64460238.622|32083223.467|6862124.199|4059|0|0|0|
1098|1662809784.416551|2022-09-10 13:36:24.416551+02|16384|test|33|508719742|0|817172|2512556771|586923638|576190818|77035317|67034271|0|0|1|200417280|0|||0|0|64491536.391|32104162.795|6868322.183|4061|0|0|0|
1099|1662809785.432671|2022-09-10 13:36:25.432671+02|16384|test|33|508777392|0|817172|2513205172|587043355|576310482|77092963|67091917|0|0|1|200417280|0|||0|0|64524576.341|32126794.387|6874532.551|4063|0|0|0|
1100|1662809786.448356|2022-09-10 13:36:26.448356+02|16384|test|33|508838962|0|817679|2513873141|587162763|576429844|77154529|67153483|0|0|1|200417280|0|||0|0|64555590.577|32147449.35|6880746.923|4065|0|0|0|
1101|1662809787.463480|2022-09-10 13:36:27.46348+02|16384|test|33|508904289|0|818186|2514606534|587297669|576564684|77219852|67218806|0|0|1|200417280|0|||0|0|64588606.636|32169531.56|6887298.954|4067|0|0|0|
1102|1662809788.479036|2022-09-10 13:36:28.479036+02|16384|test|33|508966455|0|818450|2515284593|587422281|576689220|77282014|67278985|0|0|1|200417280|0|||0|0|64619857.178|32190356.755|6893546.748|4069|0|0|0|
1103|1662809789.494180|2022-09-10 13:36:29.49418+02|16384|test|33|509032888|0|818872|2516013418|587551401|576818268|77348443|67347397|0|0|1|200417280|0|||0|0|64653327.334|32212659.125|6900241.892|4071|0|0|0|
1104|1662809790.509245|2022-09-10 13:36:30.509245+02|16384|test|33|509088990|0|819115|2516634699|587664583|576931398|77404541|67403495|0|0|1|200417280|0|||0|0|64685341.573|32234462.528|6906416.486|4073|0|0|0|
1105|1662809791.524929|2022-09-10 13:36:31.524929+02|16384|test|33|509152523|0|819578|2517345902|587795216|577061968|77468070|67467024|0|0|1|200417280|0|||0|0|64717356.581|32255797.365|6912825.382|4075|0|0|0|
1106|1662809792.541160|2022-09-10 13:36:32.54116+02|16384|test|33|509216428|0|820024|2518051319|587923303|577189982|77531971|67530925|0|0|1|200417280|0|||0|0|64749373.063|32277108.9|6919238.072|4077|0|0|0|
1107|1662809793.556099|2022-09-10 13:36:33.556099+02|16384|test|33|509280005|0|820468|2518752986|588050725|577317340|77595544|67594498|0|0|1|200417280|0|||0|0|64781389.409|32298429.182|6925654.259|4079|0|0|0|
1108|1662809794.571121|2022-09-10 13:36:34.571121+02|16384|test|33|509343608|0|821032|2519455154|588178202|577444750|77659143|67658097|0|0|1|200417280|0|||0|0|64813404.322|32319751.702|6932075.013|4081|0|0|0|
1109|1662809795.586426|2022-09-10 13:36:35.586426+02|16384|test|33|509395997|0|821515|2520033710|588283240|577549732|77711528|67710482|0|0|1|200417280|0|||0|0|64844418.653|32341286.979|6937787.343|4083|0|0|0|
1110|1662809796.601409|2022-09-10 13:36:36.601409+02|16384|test|33|509461649|0|821517|2520757637|588414818|577681240|77777176|67776130|0|0|1|200417280|0|||0|0|64877432.709|32363221.042|6944437.383|4085|0|0|0|
1111|1662809797.617279|2022-09-10 13:36:37.617279+02|16384|test|33|509525430|0|822163|2521461989|588542658|577809006|77840953|67839907|0|0|1|200417280|0|||0|0|64909448.876|32384565.042|6950831.522|4087|0|0|0|
1112|1662809798.632931|2022-09-10 13:36:38.632931+02|16384|test|33|509587133|0|822445|2522142661|588666333|577932616|77902652|67901606|0|0|1|200417280|0|||0|0|64940465.659|32405193.429|6957063.356|4089|0|0|0|
1113|1662809799.648240|2022-09-10 13:36:39.64824+02|16384|test|33|509653015|0|822811|2522869977|588798379|578064584|77968530|67967484|0|0|1|200417280|0|||0|0|64973483.282|32427175.195|6963674.073|4091|0|0|0|
1114|1662809800.662892|2022-09-10 13:36:40.662892+02|16384|test|33|509708067|0|823215|2523477624|588908740|578174892|78023578|68022532|0|0|1|200417280|0|||0|0|65005499.802|32449583.683|6969447.681|4093|0|0|0|
1115|1662809801.678230|2022-09-10 13:36:41.67823+02|16384|test|34|509769556|0|823661|2524144931|589028081|578294172|78085063|68084017|0|0|1|200417280|0|||0|0|65036515.547|32470292.89|6975612.329|4095|0|0|0|
1116|1662809802.693880|2022-09-10 13:36:42.69388+02|16384|test|33|509834751|0|824013|2524949100|589166063|578429278|78150248|68149212|0|0|1|200417280|0|||0|0|65069531.191|32492309.685|6982199.458|4097|0|0|0|
1117|1662809803.709251|2022-09-10 13:36:43.709251+02|16384|test|33|509897634|0|824612|2525666084|589295993|578555536|78213127|68212091|0|0|1|200417280|0|||0|0|65101549.323|32513707.678|6988559.758|4099|0|0|0|
1118|1662809804.731105|2022-09-10 13:36:44.731105+02|16384|test|33|509962989|0|824956|2526387505|589427027|578686450|78278478|68277442|0|0|1|200417280|0|||0|0|65133565.829|32534773.381|6995128.623|4101|0|0|0|
1119|1662809805.747486|2022-09-10 13:36:45.747486+02|16384|test|33|510021605|0|825342|2527034856|589544567|578803886|78337090|68336054|0|0|1|200417280|0|||0|0|65165708.142|32556549.319|7001323.687|4103|0|0|0|
1120|1662809806.762268|2022-09-10 13:36:46.762268+02|16384|test|33|510086876|0|825810|2527756026|589675408|578934632|78402357|68401321|0|0|1|200417280|0|||0|0|65197723.759|32577615.126|7007886.842|4105|0|0|0|
1121|1662809807.777115|2022-09-10 13:36:47.777115+02|16384|test|33|510152173|0|826098|2528477128|589806308|579065430|78467650|68466614|0|0|1|200417280|0|||0|0|65229739.543|32598683.91|7014447.505|4107|0|0|0|
1122|1662809808.792343|2022-09-10 13:36:48.792343+02|16384|test|33|510216077|0|826483|2529182789|589934443|579193442|78531550|68530514|0|0|1|200417280|0|||0|0|65261974.881|32620180.395|7020888.743|4109|0|0|0|
1123|1662809809.807289|2022-09-10 13:36:49.807289+02|16384|test|33|510279732|0|826967|2529871244|590058064|579316970|78593106|68594165|0|0|1|200417280|0|||0|0|65294461.539|32641785.875|7027430.111|4111|0|0|0|
1124|1662809810.822505|2022-09-10 13:36:50.822505+02|16384|test|33|510337081|0|827269|2530518129|590177032|579435858|78652546|68651510|0|0|1|200417280|0|||0|0|65326479.507|32663614.732|7033557.007|4113|0|0|0|
1125|1662809811.837921|2022-09-10 13:36:51.837921+02|16384|test|33|510399342|0|827713|2531205474|590301856|579560584|78714803|68713767|0|0|1|200417280|0|||0|0|65358497.549|32685111.196|7039867.392|4115|0|0|0|
1126|1662809812.853897|2022-09-10 13:36:52.853897+02|16384|test|33|510463826|0|828075|2531916965|590431138|579689756|78779283|68778247|0|0|1|200417280|0|||0|0|65390514.612|32706259.047|7046387.623|4117|0|0|0|
1127|1662809813.868807|2022-09-10 13:36:53.868807+02|16384|test|33|510528890|0|828639|2532635262|590561570|579820088|78844343|68843307|0|0|1|200417280|0|||0|0|65422530.814|32727349.316|7052944.12|4119|0|0|0|
1128|1662809814.883893|2022-09-10 13:36:54.883893+02|16384|test|33|510592098|0|828943|2533310706|590684275|579942684|78905535|68904499|0|0|1|200417280|0|||0|0|65453545.189|32747692.387|7059350.331|4121|0|0|0|
1129|1662809815.898968|2022-09-10 13:36:55.898968+02|16384|test|33|510656149|0|829508|2534040012|590816686|580075014|78971594|68970558|0|0|1|200417280|0|||0|0|65486586.94|32769482.944|7066086.053|4123|0|0|0|
1130|1662809816.914625|2022-09-10 13:36:56.914625+02|16384|test|33|510715600|0|829830|2534696203|590935864|580194120|79031041|69030005|0|0|1|200417280|0|||0|0|65518603.051|32791186.211|7072303.746|4125|0|0|0|
1131|1662809817.930494|2022-09-10 13:36:57.930494+02|16384|test|33|510779011|0|830192|2535395846|591062985|580321146|79094448|69093412|0|0|1|200417280|0|||0|0|65550618.379|32812520.928|7078709.901|4127|0|0|0|
1132|1662809818.946173|2022-09-10 13:36:58.946173+02|16384|test|33|510844291|0|830516|2536116231|591193833|580451910|79159724|69158688|0|0|1|200417280|0|||0|0|65582633.397|32833522.855|7085319.331|4129|0|0|0|
1133|1662809819.961349|2022-09-10 13:36:59.961349+02|16384|test|33|510921696|0|830940|2536970442|591348956|580606924|79237125|69236089|0|0|1|200417280|0|||0|0|65620650.071|32858541.217|7093113.343|4131|0|0|0|
1134|1662809820.976498|2022-09-10 13:37:00.976498+02|16384|test|33|510995409|0|831806|2537773057|591492927|580750794|79310834|69309798|0|0|1|200417280|0|||0|0|65659837.775|32884976.481|7100778.883|4133|0|0|0|
1135|1662809821.991504|2022-09-10 13:37:01.991504+02|16384|test|33|511056958|0|831806|2538463038|591620066|580877856|79372379|69371343|0|0|1|200417280|0|||0|0|65690853.051|32905577.357|7107027.21|4135|0|0|0|
1136|1662809823.007283|2022-09-10 13:37:03.007283+02|16384|test|33|511120704|0|832351|2539166853|591747833|581005552|79436121|69435085|0|0|1|200417280|0|||0|0|65722869.331|32926865.887|7113458.886|4137|0|0|0|
1137|1662809824.022210|2022-09-10 13:37:04.02221+02|16384|test|33|511186358|0|832493|2539881159|591879415|581137064|79499821|69498755|0|0|1|200417280|0|||0|0|65755886.341|32948800.647|7120111.939|4139|0|0|0|
1138|1662809825.038163|2022-09-10 13:37:05.038163+02|16384|test|33|511250043|0|832977|2540593792|592007073|581264638|79565452|69564416|0|0|1|200417280|0|||0|0|65787902.687|32970112.357|7126533.853|4141|0|0|0|
1139|1662809826.053238|2022-09-10 13:37:06.053238+02|16384|test|33|511309804|0|833562|2541253911|592126880|581384364|79625209|69624173|0|0|1|200417280|0|||0|0|65819918.489|32991802.268|7132738.506|4143|0|0|0|
1140|1662809827.068647|2022-09-10 13:37:07.068647+02|16384|test|33|511367910|0|834045|2541895411|592243371|581500780|79683311|69682275|0|0|1|200417280|0|||0|0|65851934.652|33013598.903|7138904.034|4145|0|0|0|
1141|1662809828.083749|2022-09-10 13:37:08.083749+02|16384|test|33|511432304|0|834129|2542605620|592372443|581629772|79747701|69746665|0|0|1|200417280|0|||0|0|65883949.288|33034762.376|7145420.58|4147|0|0|0|
1142|1662809829.099061|2022-09-10 13:37:09.099061+02|16384|test|33|511496752|0|834612|2543317192|592501626|581758872|79812145|69811109|0|0|1|200417280|0|||0|0|65915963.827|33055952.643|7151913.368|4149|0|0|0|
1143|1662809830.114726|2022-09-10 13:37:10.114726+02|16384|test|33|511560218|0|835198|2544018095|592628844|581886008|79875607|69874571|0|0|1|200417280|0|||0|0|65947980.979|33077291.715|7158323.28|4151|0|0|0|
1144|1662809831.130590|2022-09-10 13:37:11.13059+02|16384|test|33|511620375|0|835361|2544681718|592749440|582006526|79935760|69934724|0|0|1|200417280|0|||0|0|65979997.597|33098913.652|7164572.966|4153|0|0|0|
1145|1662809832.146077|2022-09-10 13:37:12.146077+02|16384|test|33|511679195|0|835726|2545330979|592867365|582124370|79994576|69993540|0|0|1|200417280|0|||0|0|66012012.674|33120518.206|7170823.596|4155|0|0|0|
1146|1662809833.161045|2022-09-10 13:37:13.161045+02|16384|test|33|511743633|0|836409|2546042401|592996540|582253450|80059010|70057974|0|0|1|200417280|0|||0|0|66044027.06|33141593.426|7177387.388|4157|0|0|0|
1147|1662809834.175971|2022-09-10 13:37:14.175971+02|16384|test|33|511847205|0|837138|2547185705|593204016|582460798|80162578|70161542|0|0|1|200417280|0|||0|0|66095046.268|33175230.332|7187809.784|4159|0|0|0|
1148|1662809835.191214|2022-09-10 13:37:15.191214+02|16384|test|33|511912023|0|837603|2547901333|593333946|582590638|80227392|70226356|0|0|1|200417280|0|||0|0|66127100.258|33196395.405|7194339.277|4161|0|0|0|
1149|1662809836.205819|2022-09-10 13:37:16.205819+02|16384|test|33|511968342|0|837765|2548522733|593446860|582703480|80283707|70282671|0|0|1|200417280|0|||0|0|66159115.006|33218121.46|7200560.568|4163|0|0|0|
1150|1662809837.220926|2022-09-10 13:37:17.220926+02|16384|test|33|512031958|0|838030|2549216980|593574389|582830916|80347319|70344280|0|0|1|200417280|0|||0|0|66191128.682|33239432.374|7206979.962|4165|0|0|0|
1151|1662809838.235382|2022-09-10 13:37:18.235382+02|16384|test|33|512095747|0|838493|2549928943|593702243|582958698|80411104|70410068|0|0|1|200417280|0|||0|0|66223143.025|33260728.299|7213410.743|4167|0|0|0|
1152|1662809839.250813|2022-09-10 13:37:19.250813+02|16384|test|33|512159507|0|838899|2550632902|593830057|583086422|80474860|70473824|0|0|1|200417280|0|||0|0|66255157.754|33282024.948|7219837.752|4169|0|0|0|
1153|1662809840.266516|2022-09-10 13:37:20.266516+02|16384|test|33|512223345|0|839285|2551337802|593958005|583214302|80538694|70537658|0|0|1|200417280|0|||0|0|66287174.557|33303297.643|7226283.798|4171|0|0|0|
1154|1662809841.281850|2022-09-10 13:37:21.28185+02|16384|test|33|512279896|0|839629|2551962188|594071379|583327608|80595241|70594205|0|0|1|200417280|0|||0|0|66319191.661|33325146.074|7232390.217|4173|0|0|0|
1155|1662809842.297030|2022-09-10 13:37:22.29703+02|16384|test|33|512344594|0|840016|2552676531|594201082|583457208|80659935|70658899|0|0|1|200417280|0|||0|0|66351207.826|33346173.165|7238988.776|4175|0|0|0|
1156|1662809843.312391|2022-09-10 13:37:23.312391+02|16384|test|33|512409570|0|840583|2553394095|594331308|583587364|80724907|70723871|0|0|1|200417280|0|||0|0|66383224.601|33367245.852|7245550.798|4177|0|0|0|
1157|1662809844.327214|2022-09-10 13:37:24.327214+02|16384|test|33|512473291|0|840809|2554097503|594459038|583715010|80788624|70787588|0|0|1|200417280|0|||0|0|66415239.233|33388544.284|7251980.634|4179|0|0|0|
1158|1662809845.342205|2022-09-10 13:37:25.342205+02|16384|test|33|512537015|0|841396|2554801397|594586769|583842662|80852344|70851308|0|0|1|200417280|0|||0|0|66447255.638|33409849.208|7258400.747|4181|0|0|0|
1159|1662809846.357706|2022-09-10 13:37:26.357706+02|16384|test|33|512590689|0|841661|2555393787|594694379|583950214|80906014|70904978|0|0|1|200417280|0|||0|0|66479277.336|33432016.763|7264300.828|4183|0|0|0|
1160|1662809847.373518|2022-09-10 13:37:27.373518+02|16384|test|33|512655983|0|842290|2556115691|594825265|584081006|80971304|70970268|0|0|1|200417280|0|||0|0|66511294.346|33453028.106|7270911.422|4185|0|0|0|
1161|1662809848.388704|2022-09-10 13:37:28.388704+02|16384|test|33|512721339|0|842513|2556836678|594956264|584211922|81036656|71035620|0|0|1|200417280|0|||0|0|66543311.874|33474039.61|7277523.379|4187|0|0|0|
1162|1662809849.403447|2022-09-10 13:37:29.403447+02|16384|test|33|512786310|0|842977|2557553781|595086486|584342068|81101623|71100587|0|0|1|200417280|0|||0|0|66575327.373|33495159.429|7284055.674|4189|0|0|0|
1163|1662809850.418233|2022-09-10 13:37:30.418233+02|16384|test|33|512851150|0|843241|2558269350|595216453|584471952|81166459|71165423|0|0|1|200417280|0|||0|0|66607342.918|33516285.335|7290579.255|4191|0|0|0|
1164|1662809851.433658|2022-09-10 13:37:31.433658+02|16384|test|33|512905783|0|843583|2558872249|595325972|584581422|81221088|71220052|0|0|1|200417280|0|||0|0|66639361.317|33538296.472|7296576.135|4193|0|0|0|
1165|1662809852.449463|2022-09-10 13:37:32.449463+02|16384|test|33|512968458|0|844247|2559564153|595451603|584706976|81283759|71282723|0|0|1|200417280|0|||0|0|66671377.367|33559661.931|7302978.558|4195|0|0|0|
1166|1662809853.464683|2022-09-10 13:37:33.464683+02|16384|test|33|513032306|0|844569|2560268495|595579568|584834876|81347603|71346567|0|0|1|200417280|0|||0|0|66703392.198|33580973.122|7309391.015|4197|0|0|0|
1167|1662809854.478699|2022-09-10 13:37:34.478699+02|16384|test|33|513095987|0|845073|2560971438|595707200|584962442|81411280|71410244|0|0|1|200417280|0|||0|0|66735406.66|33602288.224|7315806.891|4199|0|0|0|
1168|1662809855.493743|2022-09-10 13:37:35.493743+02|16384|test|33|513159822|0|845275|2561675536|595835157|585090316|81475111|71474075|0|0|1|200417280|0|||0|0|66767422.253|33623612.226|7322210.312|4201|0|0|0|
1169|1662809856.508681|2022-09-10 13:37:36.508681+02|16384|test|33|513219392|0|845637|2562332787|595954569|585209660|81534677|71533641|0|0|1|200417280|0|||0|0|66799481.324|33645067.236|7328561.428|4203|0|0|0|
1170|1662809857.524356|2022-09-10 13:37:37.524356+02|16384|test|33|513281616|0|846062|2563019886|596079292|585334312|81596897|71595861|0|0|1|200417280|0|||0|0|66831498.413|33666488.368|7334934.281|4205|0|0|0|
1171|1662809858.539609|2022-09-10 13:37:38.539609+02|16384|test|33|513345364|0|846586|2563723658|596207060|585462012|81660641|71659605|0|0|1|200417280|0|||0|0|66863515.529|33687809.448|7341346.354|4207|0|0|0|
1172|1662809859.555224|2022-09-10 13:37:39.555224+02|16384|test|33|513409162|0|846888|2564427425|596334926|585589812|81724435|71723399|0|0|1|200417280|0|||0|0|66895531.231|33709075.183|7347796.566|4209|0|0|0|
1173|1662809860.571129|2022-09-10 13:37:40.571129+02|16384|test|33|513472638|0|847372|2565128149|596462159|585716968|81787907|71786871|0|0|1|200417280|0|||0|0|66927547.63|33730413.92|7354202.451|4211|0|0|0|
1174|1662809861.586307|2022-09-10 13:37:41.586307+02|16384|test|34|513533171|0|847634|2565795932|596583511|585838238|81848436|71847400|0|0|1|200417280|0|||0|0|66959566.616|33751963.852|7360495.333|4213|0|0|0|
1175|1662809862.601662|2022-09-10 13:37:42.601662+02|16384|test|33|513591258|0|847962|2566481292|596703490|585955154|81906515|71905483|0|0|1|200417280|0|||0|0|66991584.73|33773553.276|7366792.956|4215|0|0|0|
1176|1662809863.616661|2022-09-10 13:37:43.616661+02|16384|test|33|513654627|0|848607|2567181208|596830523|586082096|81969880|71968848|0|0|1|200417280|0|||0|0|67023599.534|33794931.305|7373162.875|4217|0|0|0|
1177|1662809864.631218|2022-09-10 13:37:44.631218+02|16384|test|33|513718606|0|848869|2567887024|596958776|586210258|82033855|72032823|0|0|1|200417280|0|||0|0|67055617.421|33816242.612|7379577.14|4219|0|0|0|
1178|1662809865.646450|2022-09-10 13:37:45.64645+02|16384|test|33|513781715|0|849298|2568584108|597085297|586336680|82096960|72095928|0|0|1|200417280|0|||0|0|67087657.204|33837513.693|7386046.655|4221|0|0|0|
1179|1662809866.662140|2022-09-10 13:37:46.66214+02|16384|test|33|513846159|0|849764|2569275568|597210404|586461714|82161400|72158372|0|0|1|200417280|0|||0|0|67120377.611|33859393.191|7392546.236|4223|0|0|0|
1180|1662809867.678047|2022-09-10 13:37:47.678047+02|16384|test|33|513903334|0|850271|2569927534|597329106|586580326|82218571|72217539|0|0|1|200417280|0|||0|0|67152393.883|33881372.421|7398590.124|4225|0|0|0|
1181|1662809868.693597|2022-09-10 13:37:48.693597+02|16384|test|33|513965100|0|850454|2570599231|597452909|586704062|82278382|72277350|0|0|1|200417280|0|||0|0|67183409.384|33901974.329|7404848.771|4227|0|0|0|
1182|1662809869.709108|2022-09-10 13:37:49.709108+02|16384|test|33|514031040|0|851041|2571337395|597585090|586836146|82346269|72345237|0|0|1|200417280|0|||0|0|67216425.669|33923945.415|7411466.898|4229|0|0|0|
1183|1662809870.724809|2022-09-10 13:37:50.724809+02|16384|test|33|514094959|0|851285|2572042566|597713204|586964188|82410184|72409152|0|0|1|200417280|0|||0|0|67248444.795|33945183.37|7417939.369|4231|0|0|0|
1184|1662809871.740199|2022-09-10 13:37:51.740199+02|16384|test|33|514158309|0|851932|2572742462|597840190|587091092|82473530|72472498|0|0|1|200417280|0|||0|0|67280460.744|33966534.948|7424339.423|4233|0|0|0|
1185|1662809872.755191|2022-09-10 13:37:52.755191+02|16384|test|33|514213342|0|852033|2573349365|597950527|587201362|82528559|72527527|0|0|1|200417280|0|||0|0|67312476.811|33988516.841|7430381.132|4235|0|0|0|
1186|1662809873.771063|2022-09-10 13:37:53.771063+02|16384|test|33|514277331|0|852681|2574056333|598078784|587329544|82592544|72591512|0|0|1|200417280|0|||0|0|67344493.131|34009798.725|7436817.401|4237|0|0|0|
1187|1662809874.785883|2022-09-10 13:37:54.785883+02|16384|test|33|514340581|0|852985|2574754295|598205562|587456248|82655790|72654758|0|0|1|200417280|0|||0|0|67376509.664|34031078.565|7443263.041|4239|0|0|0|
1188|1662809875.800632|2022-09-10 13:37:55.800632+02|16384|test|33|514404039|0|853628|2575454861|598332752|587583368|82719244|72718212|0|0|1|200417280|0|||0|0|67408524.515|34052399.854|7449675.034|4241|0|0|0|
1189|1662809876.815247|2022-09-10 13:37:56.815247+02|16384|test|33|514468123|0|853629|2576161284|598461187|587711740|82783324|72782292|0|0|1|200417280|0|||0|0|67440538.744|34073633.196|7456141.07|4243|0|0|0|
1190|1662809877.831399|2022-09-10 13:37:57.831399+02|16384|test|33|514523191|0|853974|2576769568|598571603|587822080|82838388|72837356|0|0|1|200417280|0|||0|0|67472552.031|34095723.778|7462120.766|4245|0|0|0|
1191|1662809878.846938|2022-09-10 13:37:58.846938+02|16384|test|33|514587279|0|854380|2577477218|598700071|587950460|82902472|72901440|0|0|1|200417280|0|||0|0|67504566.202|34117002.209|7468553.584|4247|0|0|0|
1192|1662809879.862097|2022-09-10 13:37:59.862097+02|16384|test|33|514650838|0|854863|2578178679|598827479|588077782|82966027|72964995|0|0|1|200417280|0|||0|0|67536581.918|34138330.361|7474958.734|4249|0|0|0|
1193|1662809880.876819|2022-09-10 13:38:00.876819+02|16384|test|33|514714702|0|855189|2578883708|598955494|588205714|83029887|73028855|0|0|1|200417280|0|||0|0|67568596.687|34159633.201|7481373.436|4251|0|0|0|
1194|1662809881.892478|2022-09-10 13:38:01.892478+02|16384|test|33|514778369|0|855632|2579586298|599083093|588333252|83093550|73092518|0|0|1|200417280|0|||0|0|67600613.374|34180978.15|7487767.985|4253|0|0|0|
1195|1662809882.907977|2022-09-10 13:38:02.907977+02|16384|test|33|514834147|0|856218|2580202620|599194930|588445012|83149324|73148292|0|0|1|200417280|0|||0|0|67632863.732|34203079.822|7493882.667|4255|0|0|0|
1196|1662809883.923131|2022-09-10 13:38:03.923131+02|16384|test|33|514898058|0|856480|2580907567|599323016|588573038|83213231|73212199|0|0|1|200417280|0|||0|0|67664986.684|34224409.257|7500362.26|4257|0|0|0|
1197|1662809884.937436|2022-09-10 13:38:04.937436+02|16384|test|33|514962196|0|856742|2581615228|599451574|588701518|83277365|73276333|0|0|1|200417280|0|||0|0|67697114.454|34245792.905|7506797.927|4259|0|0|0|
1198|1662809885.953247|2022-09-10 13:38:05.953247+02|16384|test|33|515026293|0|857208|2582322579|599580049|588829916|83341458|73340426|0|0|1|200417280|0|||0|0|67729246.66|34267175.914|7513231.325|4261|0|0|0|
1199|1662809886.968532|2022-09-10 13:38:06.968532+02|16384|test|33|515090155|0|857695|2583019763|599708052|588957844|83405316|73402270|0|0|1|200417280|0|||0|0|67761402.858|34288554.504|7519695.753|4263|0|0|0|
1200|1662809887.984306|2022-09-10 13:38:07.984306+02|16384|test|33|515161465|0|858320|2583815132|599850963|589100668|83476622|73475590|0|0|1|200417280|0|||0|0|67800524.777|34314948.384|7527369.84|4265|0|0|0|
1201|1662809888.999902|2022-09-10 13:38:08.999902+02|16384|test|33|515225429|0|858863|2584521143|599979174|589228800|83540582|73539550|0|0|1|200417280|0|||0|0|67832574.614|34336204.407|7533849.31|4267|0|0|0|
1202|1662809890.014934|2022-09-10 13:38:10.014934+02|16384|test|33|515289256|0|858864|2585225075|600107112|589356658|83604405|73603373|0|0|1|200417280|0|||0|0|67864626.083|34357521.267|7540281.866|4269|0|0|0|
1203|1662809891.030736|2022-09-10 13:38:11.030736+02|16384|test|33|515353025|0|859609|2585929217|600234939|589484400|83668170|73667138|0|0|1|200417280|0|||0|0|67896687.827|34378898.488|7546678.784|4271|0|0|0|
1204|1662809892.046132|2022-09-10 13:38:12.046132+02|16384|test|33|515415393|0|859611|2586616940|600359943|589609340|83730534|73729502|0|0|1|200417280|0|||0|0|67928740.293|34400345.913|7553032.141|4273|0|0|0|
1205|1662809893.060868|2022-09-10 13:38:13.060868+02|16384|test|33|515471852|0|860337|2587240500|600473124|589722462|83786989|73785957|0|0|1|200417280|0|||0|0|67960757.142|34422216.682|7559149.588|4275|0|0|0|
1206|1662809894.076636|2022-09-10 13:38:14.076636+02|16384|test|33|515535642|0|860541|2587944154|600600978|589850246|83850775|73849743|0|0|1|200417280|0|||0|0|67992773.4|34443502.145|7565586.593|4277|0|0|0|
1207|1662809895.091628|2022-09-10 13:38:15.091628+02|16384|test|33|515599402|0|860806|2588636145|600724777|589973950|83914531|73913499|0|0|1|200417280|0|||0|0|68024789.712|34464776.136|7572029.629|4279|0|0|0|
1208|1662809896.107168|2022-09-10 13:38:16.107168+02|16384|test|33|515663181|0|861130|2589352071|600856628|590105732|83978306|73977274|0|0|1|200417280|0|||0|0|68056813.529|34486038.755|7578496.006|4281|0|0|0|
1209|1662809897.122436|2022-09-10 13:38:17.122436+02|16384|test|33|515736248|0|861675|2590146641|600999105|590248126|84051369|74050337|0|0|1|200417280|0|||0|0|68094832.489|34511493.706|7586060.998|4283|0|0|0|
1210|1662809898.137785|2022-09-10 13:38:18.137785+02|16384|test|33|515791608|0|862321|2590759748|601110601|590359562|84106725|74105693|0|0|1|200417280|0|||0|0|68125849.158|34532618.924|7592037.517|4285|0|0|0|
1211|1662809899.153327|2022-09-10 13:38:19.153327+02|16384|test|33|515856760|0|862424|2591488987|601244636|590493502|84171873|74170841|0|0|1|200417280|0|||0|0|68158866.747|34554555.428|7598688.829|4287|0|0|0|
1212|1662809900.168527|2022-09-10 13:38:20.168527+02|16384|test|33|515920613|0|863049|2592194065|601372626|590621412|84235722|74234690|0|0|1|200417280|0|||0|0|68190882.936|34575834.784|7605125.839|4289|0|0|0|
1213|1662809901.183720|2022-09-10 13:38:21.18372+02|16384|test|33|515984575|0|863514|2592899994|601500812|590749540|84299680|74298648|0|0|1|200417280|0|||0|0|68222899.713|34597078.518|7611590.941|4291|0|0|0|
1214|1662809902.199226|2022-09-10 13:38:22.199226+02|16384|test|33|516047209|0|863817|2593591336|601626352|590875012|84362310|74361278|0|0|1|200417280|0|||0|0|68254916.911|34618454.446|7617981.133|4293|0|0|0|
1215|1662809903.214521|2022-09-10 13:38:23.214521+02|16384|test|33|516103464|0|864001|2594212067|601739128|590987726|84418561|74417529|0|0|1|200417280|0|||0|0|68286953.955|34640447.687|7624011.052|4295|0|0|0|
1216|1662809904.229508|2022-09-10 13:38:24.229508+02|16384|test|33|516198279|0|864824|2595258188|601929071|591177560|84513372|74512340|0|0|1|200417280|0|||0|0|68335147.02|34672597.767|7633651.045|4297|0|0|0|
1217|1662809905.244342|2022-09-10 13:38:25.244342+02|16384|test|33|516264251|0|865192|2595986401|602061285|591309708|84579340|74578308|0|0|1|200417280|0|||0|0|68368280.517|34694587.145|7640337.468|4299|0|0|0|
1218|1662809906.259903|2022-09-10 13:38:26.259903+02|16384|test|33|516328174|0|865697|2596692340|602189404|591437758|84643259|74642227|0|0|1|200417280|0|||0|0|68400465.095|34715960.979|7646827.05|4301|0|0|0|
1219|1662809907.274903|2022-09-10 13:38:27.274903+02|16384|test|33|516386299|0|866101|2597331745|602305933|591554212|84699318|74700348|0|0|1|200417280|0|||0|0|68431766.719|34737044.919|7652974.921|4303|0|0|0|
1220|1662809908.290197|2022-09-10 13:38:28.290197+02|16384|test|33|516446119|0|866303|2597991850|602425826|591674056|84759248|74760164|0|0|1|200417280|0|||0|0|68464284.497|34758783.837|7659502.173|4305|0|0|0|
1221|1662809909.304734|2022-09-10 13:38:29.304734+02|16384|test|33|516512337|0|866645|2598724504|602558559|591806696|84827410|74826378|0|0|1|200417280|0|||0|0|68497771.164|34781082.652|7666219.884|4307|0|0|0|
1222|1662809910.319989|2022-09-10 13:38:30.319989+02|16384|test|33|516574736|0|867051|2599413517|602683641|591931698|84889805|74888773|0|0|1|200417280|0|||0|0|68529109.747|34801889.478|7672546.555|4309|0|0|0|
1223|1662809911.335231|2022-09-10 13:38:31.335231+02|16384|test|33|516641069|0|867597|2600145867|602816582|592064568|84956134|74955102|0|0|1|200417280|0|||0|0|68562545.642|34824118.548|7679272.08|4311|0|0|0|
1224|1662809912.350302|2022-09-10 13:38:32.350302+02|16384|test|33|516702138|0|867819|2600817594|602938984|592186910|85015188|75016167|0|0|1|200417280|0|||0|0|68593565.046|34844647.739|7685574.758|4313|0|0|0|
1225|1662809913.366236|2022-09-10 13:38:33.366236+02|16384|test|33|516765501|0|868263|2601518917|603065974|592313840|85080558|75079526|0|0|1|200417280|0|||0|0|68628583.17|34868519.423|7692290.478|4315|0|0|0|
1226|1662809914.381687|2022-09-10 13:38:34.381687+02|16384|test|33|516829283|0|868669|2602223043|603193821|592441608|85144336|75143304|0|0|1|200417280|0|||0|0|68660600.521|34889824.778|7698705.822|4317|0|0|0|
1227|1662809915.396778|2022-09-10 13:38:35.396778+02|16384|test|33|516892744|0|869455|2602924124|603321012|592568734|85207793|75206761|0|0|1|200417280|0|||0|0|68692615.47|34911132.589|7705136.348|4319|0|0|0|
1228|1662809916.412284|2022-09-10 13:38:36.412284+02|16384|test|33|516956383|0|869516|2603625841|603448553|592696216|85271428|75270396|0|0|1|200417280|0|||0|0|68724630.898|34932429.611|7711565.398|4321|0|0|0|
1229|1662809917.427666|2022-09-10 13:38:37.427666+02|16384|test|33|517019968|0|869803|2604327747|603575988|592823590|85335009|75333977|0|0|1|200417280|0|||0|0|68756651.475|34953736.695|7717999.403|4323|0|0|0|
1230|1662809918.441539|2022-09-10 13:38:38.441539+02|16384|test|33|517073856|0|870607|2604923177|603684031|592931570|85388893|75387861|0|0|1|200417280|0|||0|0|68788667.387|34975757.258|7724046.113|4325|0|0|0|
1231|1662809919.457063|2022-09-10 13:38:39.457063+02|16384|test|33|517137782|0|870728|2605628110|603812157|593059626|85452815|75451783|0|0|1|200417280|0|||0|0|68820685.524|34996968.807|7730536.72|4327|0|0|0|
1232|1662809920.472657|2022-09-10 13:38:40.472657+02|16384|test|33|517201592|0|870956|2606332651|603940039|593187450|85516621|75515589|0|0|1|200417280|0|||0|0|68852702.15|35018251.019|7736968.916|4329|0|0|0|
1233|1662809921.488303|2022-09-10 13:38:41.488303+02|16384|test|34|517265360|0|871520|2607036560|604067836|593315190|85580385|75579353|0|0|1|200417280|0|||0|0|68884718.463|35039506.495|7743426.646|4331|0|0|0|
1234|1662809922.504297|2022-09-10 13:38:42.504297+02|16384|test|34|517327899|0|871950|2607736339|604194919|593440856|85642920|75641888|0|0|1|200417280|0|||0|0|68916735.281|35060824.022|7749852.73|4333|0|0|0|
1235|1662809923.520191|2022-09-10 13:38:43.520191+02|16384|test|34|517381075|0|872466|2608323499|604301551|593547412|85696092|75695060|0|0|1|200417280|0|||0|0|68948750.989|35083085.103|7755747.556|4335|0|0|0|
1236|1662809924.535848|2022-09-10 13:38:44.535848+02|16384|test|34|517443279|0|872688|2609009775|604426242|593672024|85758292|75757260|0|0|1|200417280|0|||0|0|68980767.078|35104521.754|7762084.939|4337|0|0|0|
1237|1662809925.551687|2022-09-10 13:38:45.551687+02|16384|test|34|517505334|0|873074|2609695072|604550640|593796338|85820343|75819311|0|0|1|200417280|0|||0|0|69012783.92|35125984.061|7768406.255|4339|0|0|0|
1238|1662809926.567309|2022-09-10 13:38:46.567309+02|16384|test|34|517567318|0|873658|2610379565|604674886|593920510|85882323|75881291|0|0|1|200417280|0|||0|0|69044800.314|35147442.524|7774734.775|4341|0|0|0|
1239|1662809927.582964|2022-09-10 13:38:47.582964+02|16384|test|34|517629585|0|873840|2611066398|604799696|594045248|85944586|75943554|0|0|1|200417280|0|||0|0|69076817.751|35168869.825|7781080.911|4343|0|0|0|
1240|1662809928.602057|2022-09-10 13:38:48.602057+02|16384|test|33|517683101|0|874177|2611916551|604909959|594153292|85998091|75997069|0|0|1|200417280|0|||0|0|69108833.598|35190979.544|7787095.643|4345|0|0|0|
1241|1662809929.616824|2022-09-10 13:38:49.616824+02|16384|test|33|517746574|0|874704|2612617783|605037185|594280442|86061560|76060538|0|0|1|200417280|0|||0|0|69140848.57|35212268.847|7793538.568|4347|0|0|0|
1242|1662809930.632114|2022-09-10 13:38:50.632114+02|16384|test|33|517809899|0|875026|2613316525|605164132|594407296|86124881|76123859|0|0|1|200417280|0|||0|0|69172862.791|35233585.008|7799954.743|4349|0|0|0|
1243|1662809931.647733|2022-09-10 13:38:51.647733+02|16384|test|33|517873080|0|875351|2614013967|605290768|594533862|86188058|76187036|0|0|1|200417280|0|||0|0|69204879.464|35254852.48|7806411.878|4351|0|0|0|
1244|1662809932.662664|2022-09-10 13:38:52.662664+02|16384|test|33|517936568|0|875798|2614714849|605418023|594661042|86251542|76250520|0|0|1|200417280|0|||0|0|69236895.787|35276137.017|7812856.53|4353|0|0|0|
1245|1662809933.677595|2022-09-10 13:38:53.677595+02|16384|test|33|517992005|0|876222|2615325221|605529167|594772120|86305320|76305953|0|0|1|200417280|0|||0|0|69268912.147|35298028.544|7818974.278|4355|0|0|0|
1246|1662809934.692806|2022-09-10 13:38:54.692806+02|16384|test|33|518055580|0|876528|2616028735|605656600|594899474|86370546|76369524|0|0|1|200417280|0|||0|0|69300928.253|35319313.988|7825415.522|4357|0|0|0|
1247|1662809935.707957|2022-09-10 13:38:55.707957+02|16384|test|33|518119053|0|877176|2616729964|605783835|595026624|86434015|76432993|0|0|1|200417280|0|||0|0|69332944.047|35340627.852|7831837.137|4359|0|0|0|
1248|1662809936.724216|2022-09-10 13:38:56.724216+02|16384|test|33|518182747|0|877499|2617430900|605911520|595154216|86495710|76496683|0|0|1|200417280|0|||0|0|69364961.175|35361916.182|7838276.307|4361|0|0|0|
1249|1662809937.739579|2022-09-10 13:38:57.739579+02|16384|test|33|518246856|0|877862|2618128446|606036060|595278678|86561810|76560788|0|0|1|200417280|0|||0|0|69397279.122|35383409.406|7844773.596|4363|0|0|0|
1250|1662809938.754934|2022-09-10 13:38:58.754934+02|16384|test|33|518303215|0|878598|2618762731|606153004|595395560|86618165|76617143|0|0|1|200417280|0|||0|0|69429296.73|35405082.484|7851056.844|4365|0|0|0|
1251|1662809939.770420|2022-09-10 13:38:59.77042+02|16384|test|33|518366330|0|878599|2619458809|606279508|595521994|86681276|76680254|0|0|1|200417280|0|||0|0|69461311.091|35426413.357|7857466.88|4367|0|0|0|
1252|1662809940.785449|2022-09-10 13:39:00.785449+02|16384|test|33|518429385|0|879002|2620154687|606405896|595648308|86744327|76743305|0|0|1|200417280|0|||0|0|69493326.513|35447720.024|7863892.902|4369|0|0|0|
1253|1662809941.800576|2022-09-10 13:39:01.800576+02|16384|test|33|518492907|0|879389|2620855855|606533219|595775556|86807845|76806823|0|0|1|200417280|0|||0|0|69525341.089|35469018.224|7870322.617|4371|0|0|0|
1254|1662809942.816187|2022-09-10 13:39:02.816187+02|16384|test|33|518556253|0|879994|2621555136|606660193|595902452|86871187|76870165|0|0|1|200417280|0|||0|0|69557355.065|35490335.981|7876743.584|4373|0|0|0|
1255|1662809943.831393|2022-09-10 13:39:03.831393+02|16384|test|33|518611307|0|879994|2622162284|606770563|596012764|86926237|76925215|0|0|1|200417280|0|||0|0|69589374.308|35512422.572|7882770.493|4375|0|0|0|
1256|1662809944.846428|2022-09-10 13:39:04.846428+02|16384|test|33|518673238|0|880600|2622846178|606894692|596136830|86988164|76987142|0|0|1|200417280|0|||0|0|69621396.527|35533838.045|7889152.009|4377|0|0|0|
1257|1662809945.861473|2022-09-10 13:39:05.861473+02|16384|test|33|518736778|0|880964|2623547394|607022047|596264114|87051700|77050678|0|0|1|200417280|0|||0|0|69653413.247|35555119.423|7895594.909|4379|0|0|0|
1258|1662809946.876883|2022-09-10 13:39:06.876883+02|16384|test|33|518800074|0|881508|2624246170|607148913|596390910|87114992|77113970|0|0|1|200417280|0|||0|0|69685428.94|35576442.912|7902011.963|4381|0|0|0|
1259|1662809947.891645|2022-09-10 13:39:07.891645+02|16384|test|33|518863802|0|881651|2624949168|607276643|596518570|87178716|77177694|0|0|1|200417280|0|||0|0|69717444.229|35597671.577|7908496.551|4383|0|0|0|
1260|1662809948.906587|2022-09-10 13:39:08.906587+02|16384|test|33|518921330|0|882114|2625584192|607391981|596633830|87236240|77235218|0|0|1|200417280|0|||0|0|69749616.843|35619532.008|7914695.648|4385|0|0|0|
1261|1662809949.922201|2022-09-10 13:39:09.922201+02|16384|test|33|518981076|0|882437|2626243567|607511764|596753526|87295982|77294960|0|0|1|200417280|0|||0|0|69781633.06|35641135.962|7920983.692|4387|0|0|0|
1262|1662809950.937662|2022-09-10 13:39:10.937662+02|16384|test|33|519042539|0|882928|2626922612|607634969|596876656|87357441|77356419|0|0|1|200417280|0|||0|0|69812648.395|35661735.108|7927246.362|4389|0|0|0|
1263|1662809951.952394|2022-09-10 13:39:11.952394+02|16384|test|33|519105965|0|883371|2627614519|607762077|597003712|87420863|77417788|0|0|1|200417280|0|||0|0|69844744.102|35683092.73|7933696.416|4391|0|0|0|
1264|1662809952.967205|2022-09-10 13:39:12.967205+02|16384|test|33|519171386|0|883874|2628344682|607893189|597134758|87486280|77485258|0|0|1|200417280|0|||0|0|69878021.801|35705349.84|7940307.379|4393|0|0|0|
1265|1662809953.982789|2022-09-10 13:39:13.982789+02|16384|test|33|519231243|0|884136|2629004936|608013161|597254676|87546133|77545111|0|0|1|200417280|0|||0|0|69910312.348|35727144.066|7946634.088|4395|0|0|0|
1266|1662809954.998228|2022-09-10 13:39:14.998228+02|16384|test|33|519289867|0|884418|2629651679|608130678|597372128|87604753|77603731|0|0|1|200417280|0|||0|0|69942524.25|35748857.975|7952979.461|4397|0|0|0|
1267|1662809956.013372|2022-09-10 13:39:16.013372+02|16384|test|33|519354256|0|884842|2630362351|608259737|597501110|87669138|77668116|0|0|1|200417280|0|||0|0|69975026.39|35770488.652|7959504.399|4399|0|0|0|
1268|1662809957.029265|2022-09-10 13:39:17.029265+02|16384|test|33|519418540|0|885346|2631072029|608388588|597629882|87733418|77732396|0|0|1|200417280|0|||0|0|70007603.19|35792153.97|7966071.375|4401|0|0|0|
1269|1662809958.044798|2022-09-10 13:39:18.044798+02|16384|test|33|519483040|0|885731|2631784033|608517862|597759086|87797914|77796892|0|0|1|200417280|0|||0|0|70040046.411|35813704.963|7972612.364|4403|0|0|0|
1270|1662809959.060508|2022-09-10 13:39:19.060508+02|16384|test|33|519544956|0|886094|2632467271|608641979|597883122|87859826|77858804|0|0|1|200417280|0|||0|0|70072061.376|35834939.009|7979094.089|4405|0|0|0|
1271|1662809960.075682|2022-09-10 13:39:20.075682+02|16384|test|33|519601266|0|886418|2633088840|608754893|597995946|87916132|77915110|0|0|1|200417280|0|||0|0|70104077.228|35856994.986|7985095.772|4407|0|0|0|
1272|1662809961.091628|2022-09-10 13:39:21.091628+02|16384|test|33|519664614|0|886923|2633788392|608881856|598122846|87979476|77978454|0|0|1|200417280|0|||0|0|70136093.188|35878355.862|7991480.722|4409|0|0|0|
1273|1662809962.107068|2022-09-10 13:39:22.107068+02|16384|test|33|519728158|0|887309|2634490050|609009228|598250138|88043016|78041994|0|0|1|200417280|0|||0|0|70168109.506|35899672.391|7997894.325|4411|0|0|0|
1274|1662809963.122368|2022-09-10 13:39:23.122368+02|16384|test|33|519791721|0|887653|2635191639|609136634|598377468|88106575|78105553|0|0|1|200417280|0|||0|0|70200126.729|35920974.622|8004326.071|4413|0|0|0|
1275|1662809964.137625|2022-09-10 13:39:24.137625+02|16384|test|33|519854021|0|887980|2635879503|609261507|598502272|88168871|78167849|0|0|1|200417280|0|||0|0|70232165.191|35942218.356|8010831.978|4415|0|0|0|
1276|1662809965.153472|2022-09-10 13:39:25.153472+02|16384|test|33|519908801|0|888603|2636484301|609371326|598612036|88223647|78222625|0|0|1|200417280|0|||0|0|70264183.757|35964356.708|8016762.225|4417|0|0|0|
1277|1662809966.169529|2022-09-10 13:39:26.169529+02|16384|test|33|519972545|0|888745|2637187590|609499092|598739728|88287387|78286365|0|0|1|200417280|0|||0|0|70296199.44|35985654.246|8023192.259|4419|0|0|0|
1278|1662809967.184680|2022-09-10 13:39:27.18468+02|16384|test|33|520061985|0|889592|2638174880|609678265|598918812|88376823|78375801|0|0|1|200417280|0|||0|0|70341218.237|36015626.657|8032213.056|4421|0|0|0|
1279|1662809968.200491|2022-09-10 13:39:28.200491+02|16384|test|33|520125437|0|889594|2638874665|609805440|599045920|88440271|78439249|0|0|1|200417280|0|||0|0|70373233.649|36036947.058|8038631.02|4423|0|0|0|
1280|1662809969.215833|2022-09-10 13:39:29.215833+02|16384|test|33|520185120|0|889999|2639533626|609925071|599165490|88499950|78498928|0|0|1|200417280|0|||0|0|70405249.852|36058664.297|8044827.791|4425|0|0|0|
1281|1662809970.231063|2022-09-10 13:39:30.231063+02|16384|test|33|520243056|0|890341|2640173008|610041203|599281566|88557882|78556860|0|0|1|200417280|0|||0|0|70437265.427|36080559.137|8050905.716|4427|0|0|0|
1282|1662809971.246420|2022-09-10 13:39:31.24642+02|16384|test|33|520307229|0|890907|2640881608|610169810|599410116|88622051|78621029|0|0|1|200417280|0|||0|0|70469524.39|36102036.952|8057370.832|4429|0|0|0|
1283|1662809972.261491|2022-09-10 13:39:32.261491+02|16384|test|33|520371428|0|891390|2641590130|610298498|599538718|88686246|78685224|0|0|1|200417280|0|||0|0|70501894.244|36123569.84|8063878.703|4431|0|0|0|
1284|1662809973.276869|2022-09-10 13:39:33.276869+02|16384|test|33|520435187|0|891733|2642293829|610426291|599666440|88750001|78748979|0|0|1|200417280|0|||0|0|70534267.984|36145112.555|8070384.42|4433|0|0|0|
1285|1662809974.292016|2022-09-10 13:39:34.292016+02|16384|test|33|520496210|0|892040|2642967632|610548607|599788690|88811020|78809998|0|0|1|200417280|0|||0|0|70566285.302|36166566.223|8076724.824|4435|0|0|0|
1286|1662809975.307329|2022-09-10 13:39:35.307329+02|16384|test|33|520553955|0|892488|2643605604|610664369|599904384|88868761|78867739|0|0|1|200417280|0|||0|0|70598302.272|36188391.063|8082852.456|4437|0|0|0|
1287|1662809976.323230|2022-09-10 13:39:36.32323+02|16384|test|33|520617692|0|892855|2644309279|610792108|600032062|88932494|78931472|0|0|1|200417280|0|||0|0|70630318.823|36209686.014|8089282.64|4439|0|0|0|
1288|1662809977.339034|2022-09-10 13:39:37.339034+02|16384|test|33|520679919|0|893237|2644975768|610912858|600152752|88994717|78991638|0|0|1|200417280|0|||0|0|70661634.401|36230550.699|8095548.371|4441|0|0|0|
1289|1662809978.354071|2022-09-10 13:39:38.354071+02|16384|test|33|520746560|0|893882|2645729418|611050378|600290206|89059336|79060332|0|0|1|200417280|0|||0|0|70695119.637|36252828.313|8102267.472|4443|0|0|0|
1290|1662809979.368936|2022-09-10 13:39:39.368936+02|16384|test|33|520807064|0|894065|2646399238|611171646|600411418|89121854|79120832|0|0|1|200417280|0|||0|0|70727529.367|36274741.015|8108566.681|4445|0|0|0|
1291|1662809980.384875|2022-09-10 13:39:40.384875+02|16384|test|33|520865318|0|894431|2647035091|611288412|600528130|89180104|79177299|0|0|1|200417280|0|||0|0|70758546.009|36295451.596|8114807.939|4447|0|0|0|
1292|1662809981.400018|2022-09-10 13:39:41.400018+02|16384|test|33|520930867|0|894917|2647766129|611419769|600659432|89245649|79244627|0|0|1|200417280|0|||0|0|70791562.93|36317383.337|8121469.839|4449|0|0|0|
1293|1662809982.414963|2022-09-10 13:39:42.414963+02|16384|test|33|520994162|0|895533|2648496861|611548364|600786536|89307002|79307918|0|0|1|200417280|0|||0|0|70823578.932|36338712.86|8127876.111|4451|0|0|0|
1294|1662809983.430953|2022-09-10 13:39:43.430953+02|16384|test|33|521055729|0|895635|2649182859|611672686|600910087|89370499|79369481|0|0|1|200417280|0|||0|0|70854595.442|36359342.17|8134096.486|4453|0|0|0|
1295|1662809984.446653|2022-09-10 13:39:44.446653+02|16384|test|33|521117505|0|896422|2649861612|611796561|601033858|89428397|79431253|0|0|1|200417280|0|||0|0|70887610.311|36381634.5|8140535.544|4455|0|0|0|
1296|1662809985.462053|2022-09-10 13:39:45.462053+02|16384|test|33|521175448|0|896663|2650504805|611912714|601149948|89490210|79489192|0|0|1|200417280|0|||0|0|70919624.988|36403337.312|8146770.026|4457|0|0|0|
1297|1662809986.477167|2022-09-10 13:39:46.477167+02|16384|test|33|521239081|0|896867|2651206965|612040261|601277418|89553839|79552821|0|0|1|200417280|0|||0|0|70951641.535|36424636.457|8153202.186|4459|0|0|0|
1298|1662809987.492747|2022-09-10 13:39:47.492747+02|16384|test|33|521303065|0|897255|2651899465|612164572|601401660|89615854|79616801|0|0|1|200417280|0|||0|0|70983658.811|36445916.627|8159632.004|4461|0|0|0|
1299|1662809988.507990|2022-09-10 13:39:48.50799+02|16384|test|33|521366752|0|897902|2652616631|612296156|601533168|89681502|79680484|0|0|1|200417280|0|||0|0|71015674.215|36467207.544|8166072.657|4463|0|0|0|
1300|1662809989.523198|2022-09-10 13:39:49.523198+02|16384|test|33|521459297|0|898629|2653638150|612481552|601718462|89774043|79773025|0|0|1|200417280|0|||0|0|71066694.549|36501937.691|8175898.93|4465|0|0|0|
1301|1662809990.538406|2022-09-10 13:39:50.538406+02|16384|test|33|521521920|0|898991|2654329030|612607070|601843912|89836662|79835644|0|0|1|200417280|0|||0|0|71098712.304|36523276.63|8182329.797|4467|0|0|0|
1302|1662809991.553229|2022-09-10 13:39:51.553229+02|16384|test|33|521584000|0|898993|2655013825|612731494|601968276|89898738|79897720|0|0|1|200417280|0|||0|0|71129725.021|36543950.539|8188512.341|4469|0|0|0|
1303|1662809992.568602|2022-09-10 13:39:52.568602+02|16384|test|33|521649888|0|899397|2655740919|612863536|602100256|89964622|79963604|0|0|1|200417280|0|||0|0|71162740.971|36565930.593|8195118.135|4471|0|0|0|
1304|1662809993.584196|2022-09-10 13:39:53.584196+02|16384|test|33|521713792|0|899942|2656446481|612991613|602228268|90028522|80027504|0|0|1|200417280|0|||0|0|71194756.765|36587248.17|8201529.942|4473|0|0|0|
1305|1662809994.599268|2022-09-10 13:39:54.599268+02|16384|test|33|521771403|0|900266|2657082390|613107095|602343694|90086129|80085111|0|0|1|200417280|0|||0|0|71226776.393|36609051.993|8207688.629|4475|0|0|0|
1306|1662809995.614055|2022-09-10 13:39:55.614055+02|16384|test|33|521833204|0|900790|2657764688|613230964|602467500|90147926|80146908|0|0|1|200417280|0|||0|0|71258791.701|36630632.608|8213941.773|4477|0|0|0|
1307|1662809996.629662|2022-09-10 13:39:56.629662+02|16384|test|33|521895835|0|901132|2658455655|613356493|602592966|90210553|80209535|0|0|1|200417280|0|||0|0|71290807.418|36651963.669|8220361.489|4479|0|0|0|
1308|1662809997.644389|2022-09-10 13:39:57.644389+02|16384|test|33|521959628|0|901454|2659147299|613480298|602716724|90274342|80273324|0|0|1|200417280|0|||0|0|71322822.934|36673287.773|8226768.491|4481|0|0|0|
1309|1662809998.660252|2022-09-10 13:39:58.660252+02|16384|test|33|522023590|0|901839|2659865448|613612534|602848884|90338300|80337282|0|0|1|200417280|0|||0|0|71354838.585|36694619.033|8233161.398|4483|0|0|0|
1310|1662809999.675627|2022-09-10 13:39:59.675627+02|16384|test|33|522085576|0|902346|2660549980|613736775|602973060|90400282|80399264|0|0|1|200417280|0|||0|0|71386857.043|36715984.846|8239552.758|4485|0|0|0|
1311|1662810000.690713|2022-09-10 13:40:00.690713+02|16384|test|33|522144831|0|902613|2661204262|613855544|603091774|90459533|80458515|0|0|1|200417280|0|||0|0|71418874.252|36737799.752|8245666.254|4487|0|0|0|
1312|1662810001.706263|2022-09-10 13:40:01.706263+02|16384|test|33|522208858|0|903039|2661911307|613983866|603220032|90523556|80522538|0|0|1|200417280|0|||0|0|71450891.088|36759055.878|8252122.963|4489|0|0|0|
1313|1662810002.721496|2022-09-10 13:40:02.721496+02|16384|test|33|522272840|0|903403|2662609628|614112099|603348200|90587534|80584568|0|0|1|200417280|0|||0|0|71482909.189|36780346.728|8258551.092|4491|0|0|0|
1314|1662810003.736957|2022-09-10 13:40:03.736957+02|16384|test|33|522336637|0|903926|2663321505|614239957|603475998|90651327|80650309|0|0|1|200417280|0|||0|0|71514925.192|36801660.811|8264966.798|4493|0|0|0|
1315|1662810004.752729|2022-09-10 13:40:04.752729+02|16384|test|33|522396869|0|904670|2663986643|614360687|603596666|90711555|80710537|0|0|1|200417280|0|||0|0|71546942.67|36823262.804|8271239.058|4495|0|0|0|
1316|1662810005.768209|2022-09-10 13:40:05.768209+02|16384|test|33|522453835|0|904670|2664614612|614474866|603710802|90768517|80767499|0|0|1|200417280|0|||0|0|71578957.842|36845158.476|8277326.487|4497|0|0|0|
1317|1662810006.783042|2022-09-10 13:40:06.783042+02|16384|test|33|522515744|0|904838|2665298323|614598951|603834824|90830422|80829404|0|0|1|200417280|0|||0|0|71609974.473|36865804.723|8283537.002|4499|0|0|0|
1318|1662810007.798434|2022-09-10 13:40:07.798434+02|16384|test|33|522581748|0|905485|2666027077|614731221|603967036|90896422|80895404|0|0|1|200417280|0|||0|0|71642990.829|36887812.245|8290122.006|4501|0|0|0|
1319|1662810008.812928|2022-09-10 13:40:08.812928+02|16384|test|33|522645352|0|905947|2666728851|614858697|604094448|90960022|80959004|0|0|1|200417280|0|||0|0|71675005.633|36909161.633|8296511.205|4503|0|0|0|
1320|1662810009.828276|2022-09-10 13:40:09.828276+02|16384|test|33|522708871|0|906210|2667429614|614985987|604221690|91023537|81022519|0|0|1|200417280|0|||0|0|71707140.71|36930626.474|8302907.286|4505|0|0|0|
1321|1662810010.843423|2022-09-10 13:40:10.843423+02|16384|test|33|522762898|0|906773|2668026153|615094301|604329948|91077560|81076542|0|0|1|200417280|0|||0|0|71739157.284|36952923.486|8308792.807|4507|0|0|0|
1322|1662810011.858602|2022-09-10 13:40:11.858602+02|16384|test|33|522826731|0|907076|2668730471|615222225|604457818|91141389|81140371|0|0|1|200417280|0|||0|0|71771173.162|36974195.44|8315242.128|4509|0|0|0|
1323|1662810012.873678|2022-09-10 13:40:12.873678+02|16384|test|33|522888224|0|907498|2669401188|615345471|604581008|91202878|81199904|0|0|1|200417280|0|||0|0|71802190.772|36994915.779|8321408.249|4511|0|0|0|
1324|1662810013.889191|2022-09-10 13:40:13.889191+02|16384|test|33|522954170|0|907805|2670124995|615473655|604709122|91268820|81267802|0|0|1|200417280|0|||0|0|71835208.027|37016817.849|8328078.815|4513|0|0|0|
1325|1662810014.904737|2022-09-10 13:40:14.904737+02|16384|test|33|523017797|0|908289|2670839247|615605158|604840562|91332443|81331425|0|0|1|200417280|0|||0|0|71867224.135|37038165.718|8334473.832|4515|0|0|0|
1326|1662810015.919170|2022-09-10 13:40:15.91917+02|16384|test|33|523073008|0|908532|2671448505|615715837|604951188|91387650|81386632|0|0|1|200417280|0|||0|0|71899240.5|37060202.077|8340495.658|4517|0|0|0|
1327|1662810016.934939|2022-09-10 13:40:16.934939+02|16384|test|33|523136601|0|909079|2672150761|615843290|605078578|91451239|81450221|0|0|1|200417280|0|||0|0|71931256.065|37081518.002|8346912.787|4519|0|0|0|
1328|1662810017.950390|2022-09-10 13:40:17.95039+02|16384|test|33|523200263|0|909382|2672853239|615970881|605206106|91514897|81513879|0|0|1|200417280|0|||0|0|71963271.083|37102818.11|8353338.136|4521|0|0|0|
1329|1662810018.965378|2022-09-10 13:40:18.965378+02|16384|test|33|523263837|0|909711|2673555483|616098297|605333458|91578467|81577449|0|0|1|200417280|0|||0|0|71995286.968|37124166.628|8359733.583|4523|0|0|0|
1330|1662810019.980469|2022-09-10 13:40:19.980469+02|16384|test|33|523327467|0|910175|2674257779|616225828|605460922|91642093|81641075|0|0|1|200417280|0|||0|0|72027300.582|37145490.104|8366140.842|4525|0|0|0|
1331|1662810020.996137|2022-09-10 13:40:20.996137+02|16384|test|33|523383531|0|910458|2674876448|616338211|605573254|91698153|81697135|0|0|1|200417280|0|||0|0|72059315.566|37167269.622|8372350.559|4527|0|0|0|
1332|1662810022.011781|2022-09-10 13:40:22.011781+02|16384|test|33|523446921|0|910982|2675576043|616465262|605700238|91761539|81760521|0|0|1|200417280|0|||0|0|72091330.719|37188642.34|8378727.497|4529|0|0|0|
1333|1662810023.026998|2022-09-10 13:40:23.026998+02|16384|test|33|523510547|0|911406|2676266390|616588720|605823648|91825161|81824143|0|0|1|200417280|0|||0|0|72123347.728|37209995.315|8385118.816|4531|0|0|0|
1334|1662810024.042464|2022-09-10 13:40:24.042464+02|16384|test|33|523573979|0|911670|2676978575|616719906|605954762|91888589|81887571|0|0|1|200417280|0|||0|0|72155364.332|37231298.051|8391556.014|4533|0|0|0|
1335|1662810025.058099|2022-09-10 13:40:25.058099+02|16384|test|33|523637634|0|912254|2677681176|616847460|606082276|91952240|81951222|0|0|1|200417280|0|||0|0|72187381.657|37252578.906|8398002.589|4535|0|0|0|
1336|1662810026.073767|2022-09-10 13:40:26.073767+02|16384|test|33|523690558|0|912417|2678265124|616953554|606188328|92005160|82004142|0|0|1|200417280|0|||0|0|72219399.538|37274885.906|8403930.77|4537|0|0|0|
1337|1662810027.089051|2022-09-10 13:40:27.089051+02|16384|test|33|523753775|0|912842|2678962899|617080251|606314966|92068373|82067355|0|0|1|200417280|0|||0|0|72251415.451|37296220.39|8410343.972|4539|0|0|0|
1338|1662810028.104379|2022-09-10 13:40:28.104379+02|16384|test|33|523817138|0|913404|2679662144|617207231|606441896|92131732|82130714|0|0|1|200417280|0|||0|0|72283432.82|37317525.205|8416782.398|4541|0|0|0|
1339|1662810029.119947|2022-09-10 13:40:29.119947+02|16384|test|33|523880505|0|913828|2680361542|617334226|606568834|92195095|82194077|0|0|1|200417280|0|||0|0|72315448.696|37338788.505|8423249.478|4543|0|0|0|
1340|1662810030.134359|2022-09-10 13:40:30.134359+02|16384|test|33|523943160|0|914232|2681053296|617459804|606694348|92257746|82256728|0|0|1|200417280|0|||0|0|72347461.842|37360094.903|8429682.074|4545|0|0|0|
1341|1662810031.149673|2022-09-10 13:40:31.149673+02|16384|test|33|523997325|0|914599|2681651321|617568383|606802882|92311907|82310889|0|0|1|200417280|0|||0|0|72379479.466|37382531.53|8435466.673|4547|0|0|0|
1342|1662810032.164357|2022-09-10 13:40:32.164357+02|16384|test|33|524059594|0|914842|2682338404|617693176|606927624|92374172|82373154|0|0|1|200417280|0|||0|0|72411497.065|37403878.685|8441900.833|4549|0|0|0|
1343|1662810033.179343|2022-09-10 13:40:33.179343+02|16384|test|33|524122973|0|915391|2683038642|617820189|607054586|92437547|82436529|0|0|1|200417280|0|||0|0|72443512.724|37425195.821|8448325.907|4551|0|0|0|
1344|1662810034.194529|2022-09-10 13:40:34.194529+02|16384|test|33|524186487|0|915653|2683739384|617947483|607181818|92501057|82500039|0|0|1|200417280|0|||0|0|72475527.718|37446513.334|8454746.216|4553|0|0|0|
1345|1662810035.209468|2022-09-10 13:40:35.209468+02|16384|test|33|524250306|0|916160|2684444077|618075373|607309660|92564872|82563854|0|0|1|200417280|0|||0|0|72507798.884|37468048.059|8461187.528|4555|0|0|0|
1346|1662810036.224511|2022-09-10 13:40:36.224511+02|16384|test|33|524305424|0|916764|2685044455|618185860|607420100|92618390|82617296|0|0|1|200417280|0|||0|0|72539816.425|37489967.009|8467298.667|4557|0|0|0|
1347|1662810037.240245|2022-09-10 13:40:37.240245+02|16384|test|33|524367425|0|916765|2685736301|618310119|607544306|92681983|82680965|0|0|1|200417280|0|||0|0|72571831.758|37511454.753|8473619.092|4559|0|0|0|
1348|1662810038.255604|2022-09-10 13:40:38.255604+02|16384|test|33|524430933|0|917129|2686425496|618433495|607667624|92745487|82744469|0|0|1|200417280|0|||0|0|72603851.523|37532793.711|8480023.049|4561|0|0|0|
1349|1662810039.270738|2022-09-10 13:40:39.270738+02|16384|test|33|524494946|0|917652|2687143612|618565685|607799756|92809496|82808478|0|0|1|200417280|0|||0|0|72636589.17|37554604.739|8486585.872|4563|0|0|0|
1350|1662810040.285484|2022-09-10 13:40:40.285484+02|16384|test|33|524557327|0|918096|2687819846|618686592|607920622|92871873|82870855|0|0|1|200417280|0|||0|0|72668004.815|37575571.074|8492844.121|4565|0|0|0|
1351|1662810041.299421|2022-09-10 13:40:41.299421+02|16384|test|33|524615903|0|918466|2688479184|618808097|608042078|92930445|82929427|0|0|1|200417280|0|||0|0|72700197.406|37597299.064|8499159.102|4567|0|0|0|
1352|1662810042.314499|2022-09-10 13:40:42.314499+02|16384|test|33|524704448|0|918892|2689490964|618987312|608219682|93018982|83017968|0|0|1|200417280|0|||0|0|72746230.234|37628213.376|8508233.515|4569|0|0|0|
1353|1662810043.328825|2022-09-10 13:40:43.328825+02|16384|test|33|524767647|0|919562|2690171340|619110780|608342495|93080237|83079116|0|0|1|200417280|0|||0|0|72778243.89|37649608.789|8514593.738|4571|0|0|0|
1354|1662810044.343816|2022-09-10 13:40:44.343816+02|16384|test|33|524831108|0|919805|2690893811|619242026|608473638|93145634|83144620|0|0|1|200417280|0|||0|0|72810260.782|37670938.572|8521008.953|4573|0|0|0|
1355|1662810045.367081|2022-09-10 13:40:45.367081+02|16384|test|33|524894709|0|920149|2691595844|619369496|608601044|93209231|83208217|0|0|1|200417280|0|||0|0|72842279.854|37692279.079|8527409.136|4575|0|0|0|
1356|1662810046.391076|2022-09-10 13:40:46.391076+02|16384|test|33|524947425|0|920794|2692178014|619475192|608706680|93261943|83260929|0|0|1|200417280|0|||0|0|72873303.079|37713689.977|8533217.574|4577|0|0|0|
1357|1662810047.406570|2022-09-10 13:40:47.40657+02|16384|test|33|525011259|0|920794|2692881938|619603124|608834552|93325773|83324759|0|0|1|200417280|0|||0|0|72906320.12|37735834.662|8539747.643|4579|0|0|0|
1358|1662810048.421506|2022-09-10 13:40:48.421506+02|16384|test|33|525074652|0|921379|2693581994|619730181|608961542|93389162|83388148|0|0|1|200417280|0|||0|0|72938335.893|37757171.183|8546155.074|4581|0|0|0|
1359|1662810049.436368|2022-09-10 13:40:49.436368+02|16384|test|33|525137759|0|921644|2694276344|619856666|609087960|93450310|83451251|0|0|1|200417280|0|||0|0|72970350.42|37778520.152|8552564.843|4583|0|0|0|
1360|1662810050.452201|2022-09-10 13:40:50.452201+02|16384|test|33|525200935|0|922370|2694976002|619983287|609214516|93515437|83514423|0|0|1|200417280|0|||0|0|73002367.744|37799866.958|8558970.181|4585|0|0|0|
1361|1662810051.467197|2022-09-10 13:40:51.467197+02|16384|test|33|525257488|0|922370|2695599651|620096639|609327826|93571986|83570972|0|0|1|200417280|0|||0|0|73034791.342|37822087.422|8565047.877|4587|0|0|0|
1362|1662810052.482075|2022-09-10 13:40:52.482075+02|16384|test|33|525316484|0|923135|2696238974|620210876|609442012|93630978|83629964|0|0|1|200417280|0|||0|0|73066056.563|37843244.809|8571127.815|4589|0|0|0|
1363|1662810053.497465|2022-09-10 13:40:53.497465+02|16384|test|33|525382639|0|923380|2696981054|620347461|609578536|93697129|83696115|0|0|1|200417280|0|||0|0|73099472.223|37865513.256|8577814.084|4591|0|0|0|
1364|1662810054.513008|2022-09-10 13:40:54.513008+02|16384|test|33|525446731|0|923642|2697688365|620475913|609706924|93761217|83760203|0|0|1|200417280|0|||0|0|73131806.94|37887111.375|8584248.368|4593|0|0|0|
1365|1662810055.527860|2022-09-10 13:40:55.52786+02|16384|test|33|525508744|0|924206|2698373064|620600196|609831154|93823226|83822212|0|0|1|200417280|0|||0|0|73163043.962|37907965.018|8590467.332|4595|0|0|0|
1366|1662810056.542746|2022-09-10 13:40:56.542746+02|16384|test|33|525571603|0|924710|2699066963|620726171|609957076|93886081|83885067|0|0|1|200417280|0|||0|0|73196127.713|37930055.762|8597061.766|4597|0|0|0|
1367|1662810057.557826|2022-09-10 13:40:57.557826+02|16384|test|33|525629614|0|924913|2699707069|620842450|610073302|93944088|83943074|0|0|1|200417280|0|||0|0|73228408.625|37952112.117|8603241.053|4599|0|0|0|
1368|1662810058.572884|2022-09-10 13:40:58.572884+02|16384|test|33|525693918|0|925398|2700404660|620967252|610198056|94008388|84007374|0|0|1|200417280|0|||0|0|73260927.92|37973793.004|8609748.726|4601|0|0|0|
1369|1662810059.587944|2022-09-10 13:40:59.587944+02|16384|test|33|525756336|0|925800|2701105452|621096402|610327154|94070802|84069788|0|0|1|200417280|0|||0|0|73292386.207|37994741.906|8616050.959|4603|0|0|0|
1370|1662810060.603559|2022-09-10 13:41:00.603559+02|16384|test|33|525822619|0|926606|2701829099|621229228|610459924|94137081|84134023|0|0|1|200417280|0|||0|0|73325889.112|38017134.48|8622709.989|4605|0|0|0|
1371|1662810061.618870|2022-09-10 13:41:01.61887+02|16384|test|33|525881034|0|926688|2702471921|621343037|610573690|94195492|84194478|0|0|1|200417280|0|||0|0|73357496.146|38038572.603|8628831.587|4607|0|0|0|
1372|1662810062.634535|2022-09-10 13:41:02.634535+02|16384|test|33|525941412|0|927070|2703147851|621467312|610697918|94255866|84254852|0|0|1|200417280|0|||0|0|73390512.7|38060796.894|8635358.134|4609|0|0|0|
1373|1662810063.649495|2022-09-10 13:41:03.649495+02|16384|test|33|526005021|0|927495|2703849850|621594791|610825340|94319471|84318457|0|0|1|200417280|0|||0|0|73422528.613|38082138.23|8641753.13|4611|0|0|0|
1374|1662810064.664957|2022-09-10 13:41:04.664957+02|16384|test|33|526068562|0|927577|2704551077|621722126|610952626|94383008|84381994|0|0|1|200417280|0|||0|0|73454543.791|38103505.327|8648137.666|4613|0|0|0|
1375|1662810065.680228|2022-09-10 13:41:05.680228+02|16384|test|33|526132125|0|927961|2705252475|621849505|611079956|94446567|84445553|0|0|1|200417280|0|||0|0|73486559.695|38124871.622|8654518.882|4615|0|0|0|
1376|1662810066.695694|2022-09-10 13:41:06.695694+02|16384|test|33|526191408|0|928383|2705898516|621968324|611198726|94505846|84502810|0|0|1|200417280|0|||0|0|73518574.822|38146676.549|8660655.785|4617|0|0|0|
1377|1662810067.710188|2022-09-10 13:41:07.710188+02|16384|test|33|526248680|0|929067|2706538904|622083134|611313474|94563114|84562100|0|0|1|200417280|0|||0|0|73550591.221|38168711.475|8666655.323|4619|0|0|0|
1378|1662810068.724836|2022-09-10 13:41:08.724836+02|16384|test|33|526348578|0|929633|2707641161|622283220|611513474|94663008|84661994|0|0|1|200417280|0|||0|0|73600609.497|38202053.576|8676647.991|4621|0|0|0|
1379|1662810069.740137|2022-09-10 13:41:09.740137+02|16384|test|33|526414426|0|929916|2708367744|622415175|611645374|94728852|84727838|0|0|1|200417280|0|||0|0|73633626.285|38224035.775|8683263.903|4623|0|0|0|
1380|1662810070.755814|2022-09-10 13:41:10.755814+02|16384|test|33|526477591|0|930304|2709065125|622541771|611771908|94792013|84790999|0|0|1|200417280|0|||0|0|73665647.74|38245357.288|8689691.037|4625|0|0|0|
1381|1662810071.771107|2022-09-10 13:41:11.771107+02|16384|test|33|526530426|0|930811|2709648877|622647693|611877782|94844844|84843830|0|0|1|200417280|0|||0|0|73697665.511|38267706.945|8695528.823|4627|0|0|0|
1382|1662810072.786672|2022-09-10 13:41:12.786672+02|16384|test|33|526594677|0|931095|2710357881|622776454|612006488|94909091|84908077|0|0|1|200417280|0|||0|0|73729962.343|38289284.295|8701941.518|4629|0|0|0|
1383|1662810073.802009|2022-09-10 13:41:13.802009+02|16384|test|33|526656877|0|931457|2711034199|622901098|612131092|94969279|84968275|0|0|1|200417280|0|||0|0|73761208.194|38310167.773|8708140.651|4631|0|0|0|
1384|1662810074.816523|2022-09-10 13:41:14.816523+02|16384|test|33|526721170|0|931844|2711733777|623025899|612255842|95035576|85032542|0|0|1|200417280|0|||0|0|73793486.489|38331708.224|8714561.344|4633|0|0|0|
1385|1662810075.831611|2022-09-10 13:41:15.831611+02|16384|test|33|526787208|0|932449|2712483060|623162295|612392162|95101610|85100596|0|0|1|200417280|0|||0|0|73826860.263|38354094.184|8721134.292|4635|0|0|0|
1386|1662810076.847280|2022-09-10 13:41:16.84728+02|16384|test|33|526839745|0|932651|2713053976|623267607|612497440|95152389|85151395|0|0|1|200417280|0|||0|0|73857877.693|38375432.588|8726953.678|4637|0|0|0|
1387|1662810077.862103|2022-09-10 13:41:17.862103+02|16384|test|33|526903367|0|932954|2713748450|623391043|612620828|95213833|85216747|0|0|1|200417280|0|||0|0|73889979.911|38396853.909|8733356.873|4639|0|0|0|
1388|1662810078.877692|2022-09-10 13:41:18.877692+02|16384|test|33|526969945|0|933417|2714499216|623528505|612758248|95284335|85283321|0|0|1|200417280|0|||0|0|73923296.817|38419007.29|8740039.323|4641|0|0|0|
1389|1662810079.892973|2022-09-10 13:41:19.892973+02|16384|test|33|527030468|0|933843|2715152933|623645666|612875354|95342782|85343840|0|0|1|200417280|0|||0|0|73953597.41|38439150.043|8746124.599|4643|0|0|0|
1390|1662810080.908522|2022-09-10 13:41:20.908522+02|16384|test|33|527099139|0|934249|2715915230|623787417|613017044|95411497|85410461|0|0|1|200417280|0|||0|0|73988048.078|38462082.119|8753030.8|4645|0|0|0|
1391|1662810081.922668|2022-09-10 13:41:21.922668+02|16384|test|33|527153996|0|935005|2716531499|623897381|613126962|95468374|85467360|0|0|1|200417280|0|||0|0|74020063.314|38484131.72|8759047.026|4647|0|0|0|
1392|1662810082.934224|2022-09-10 13:41:22.934224+02|16384|test|33|527217484|0|935005|2717231355|624024600|613254142|95531858|85530844|0|0|1|200417280|0|||0|0|74052076.001|38505483.03|8765439.309|4649|0|0|0|
1393|1662810083.948466|2022-09-10 13:41:23.948466+02|16384|test|33|527281469|0|935553|2717925939|624148847|613378330|95595839|85594825|0|0|1|200417280|0|||0|0|74084092.063|38526829.569|8771820.569|4651|0|0|0|
1394|1662810084.962661|2022-09-10 13:41:24.962661+02|16384|test|33|527345277|0|935877|2718642309|624280697|613510136|95659643|85658629|0|0|1|200417280|0|||0|0|74116105.218|38548180.837|8778208.636|4653|0|0|0|
1395|1662810085.977285|2022-09-10 13:41:25.977285+02|16384|test|33|527408972|0|936301|2719345292|624408336|613637730|95723334|85722320|0|0|1|200417280|0|||0|0|74148121.472|38569603.462|8784542.139|4655|0|0|0|
1396|1662810086.993112|2022-09-10 13:41:26.993112+02|16384|test|33|527462782|0|936526|2719939420|624516192|613745554|95777140|85776126|0|0|1|200417280|0|||0|0|74180139.006|38591807.24|8790413.431|4657|0|0|0|
1397|1662810088.008292|2022-09-10 13:41:28.008292+02|16384|test|33|527525403|0|937029|2720618484|624637721|613867036|95839757|85838743|0|0|1|200417280|0|||0|0|74212154.889|38613210.624|8796783.064|4659|0|0|0|
1398|1662810089.023153|2022-09-10 13:41:29.023153+02|16384|test|33|527589207|0|937373|2721334612|624769548|613998812|95903557|85902543|0|0|1|200417280|0|||0|0|74244170.234|38634530.695|8803196.056|4661|0|0|0|
1399|1662810090.038226|2022-09-10 13:41:30.038226+02|16384|test|33|527653316|0|937897|2722042155|624898020|614127234|95967662|85966648|0|0|1|200417280|0|||0|0|74276186.555|38655827.436|8809622.078|4663|0|0|0|
1400|1662810091.053325|2022-09-10 13:41:31.053325+02|16384|test|33|527717214|0|938380|2722747399|625026061|614255234|96031556|86030542|0|0|1|200417280|0|||0|0|74308203.158|38677164.024|8816020.016|4665|0|0|0|
1401|1662810092.068651|2022-09-10 13:41:32.068651+02|16384|test|33|527772520|0|938683|2723357711|625136914|614366050|96086858|86085844|0|0|1|200417280|0|||0|0|74340223.016|38699238.858|8822022.206|4667|0|0|0|
1402|1662810093.084128|2022-09-10 13:41:33.084128+02|16384|test|33|527833964|0|938985|2724035510|625260052|614489142|96148298|86147284|0|0|1|200417280|0|||0|0|74372239.694|38720762.383|8828331.958|4669|0|0|0|
1403|1662810094.099672|2022-09-10 13:41:34.099672+02|16384|test|33|527897622|0|939210|2724738051|625387626|614616662|96211952|86210938|0|0|1|200417280|0|||0|0|74404254.177|38742117.137|8834717.694|4671|0|0|0|
1404|1662810095.114924|2022-09-10 13:41:35.114924+02|16384|test|33|527960873|0|939836|2725427034|625514385|614743368|96273275|86272261|0|0|1|200417280|0|||0|0|74436497.595|38763631.315|8841160.73|4673|0|0|0|
1405|1662810096.129451|2022-09-10 13:41:36.129451+02|16384|test|33|528025000|0|940240|2726144324|625642893|614871826|96339322|86338308|0|0|1|200417280|0|||0|0|74468823.082|38785173.431|8847629.852|4675|0|0|0|
1406|1662810097.144949|2022-09-10 13:41:37.144949+02|16384|test|33|528085367|0|940522|2726810302|625763871|614992764|96399685|86398671|0|0|1|200417280|0|||0|0|74501194.007|38807228.343|8853821.541|4677|0|0|0|
1407|1662810098.160561|2022-09-10 13:41:38.160561+02|16384|test|33|528145006|0|940886|2727468587|625883411|615112246|96459320|86458306|0|0|1|200417280|0|||0|0|74533209.64|38828837.04|8860091.228|4679|0|0|0|
1408|1662810099.176257|2022-09-10 13:41:39.176257+02|16384|test|33|528208905|0|941251|2728173916|626011456|615240248|96523215|86522201|0|0|1|200417280|0|||0|0|74565224.564|38850128.901|8866527.402|4681|0|0|0|
1409|1662810100.191705|2022-09-10 13:41:40.191705+02|16384|test|33|528272854|0|941920|2728868287|626135603|615364340|96587160|86586146|0|0|1|200417280|0|||0|0|74597414.994|38871584.669|8872956.802|4683|0|0|0|
1410|1662810101.206941|2022-09-10 13:41:41.206941+02|16384|test|33|528335238|0|942321|2729556249|626264631|615493322|96645435|86646467|0|0|1|200417280|0|||0|0|74628791.243|38892499.766|8879226.376|4685|0|0|0|
1411|1662810102.222240|2022-09-10 13:41:42.22224+02|16384|test|34|528399446|0|942786|2730271713|626393645|615621942|96713744|86710849|0|0|1|200417280|0|||0|0|74661830.825|38914512.005|8885847.533|4687|0|0|0|
1412|1662810103.237390|2022-09-10 13:41:43.23739+02|16384|test|33|528455937|0|942915|2730976254|626508743|615732494|96770225|86769221|0|0|1|200417280|0|||0|0|74693848.813|38936498.343|8891878.189|4689|0|0|0|
1413|1662810104.252834|2022-09-10 13:41:44.252834+02|16384|test|33|528517117|0|943343|2731665289|626635417|615858590|96831401|86830397|0|0|1|200417280|0|||0|0|74724864.345|38957088.136|8898135.403|4691|0|0|0|
1414|1662810105.268153|2022-09-10 13:41:45.268153+02|16384|test|33|528582827|0|944129|2732371317|626763057|615986148|96897107|86894143|0|0|1|200417280|0|||0|0|74757916.972|38979128.926|8904734.945|4693|0|0|0|
1415|1662810106.283796|2022-09-10 13:41:46.283796+02|16384|test|33|528646867|0|944491|2733097814|626895487|616118498|96961143|86960139|0|0|1|200417280|0|||0|0|74789933.123|39000366.27|8911209.204|4695|0|0|0|
1416|1662810107.299492|2022-09-10 13:41:47.299492+02|16384|test|33|528709890|0|944793|2733793198|627021814|616244748|97024162|87023158|0|0|1|200417280|0|||0|0|74821956.416|39021726.676|8917605.554|4697|0|0|0|
1417|1662810108.314319|2022-09-10 13:41:48.314319+02|16384|test|33|528764446|0|945175|2734395305|627131198|616354064|97078714|87077710|0|0|1|200417280|0|||0|0|74853972.131|39043914.039|8923545.671|4699|0|0|0|
1418|1662810109.329855|2022-09-10 13:41:49.329855+02|16384|test|33|528828013|0|945762|2735097296|627258620|616481402|97142277|87141273|0|0|1|200417280|0|||0|0|74885990.563|39065254.352|8929949.045|4701|0|0|0|
1419|1662810110.345106|2022-09-10 13:41:50.345106+02|16384|test|33|528891836|0|945762|2735798985|627386542|616609252|97204128|87205092|0|0|1|200417280|0|||0|0|74918004.85|39086560.746|8936365.054|4703|0|0|0|
1420|1662810111.359939|2022-09-10 13:41:51.359939+02|16384|test|33|528955685|0|946248|2736505845|627514496|616737154|97269941|87268937|0|0|1|200417280|0|||0|0|74950020.578|39107870.089|8942787.771|4705|0|0|0|
1421|1662810112.375190|2022-09-10 13:41:52.37519+02|16384|test|33|529019451|0|946774|2737209998|627642317|616864890|97333703|87332699|0|0|1|200417280|0|||0|0|74982037.304|39129170.617|8949217.692|4707|0|0|0|
1422|1662810113.390778|2022-09-10 13:41:53.390778+02|16384|test|33|529073354|0|946956|2737804721|627750379|616972900|97387602|87386598|0|0|1|200417280|0|||0|0|75014053.111|39151156.614|8955228.581|4709|0|0|0|
1423|1662810114.406362|2022-09-10 13:41:54.406362+02|16384|test|33|529136929|0|947279|2738506243|627877804|617100254|97451173|87450169|0|0|1|200417280|0|||0|0|75046070.123|39172487.971|8961643.285|4711|0|0|0|
1424|1662810115.422127|2022-09-10 13:41:55.422127+02|16384|test|33|529200392|0|947863|2739206683|628004996|617227384|97514632|87513628|0|0|1|200417280|0|||0|0|75078084.693|39193819.862|8968061.421|4713|0|0|0|
1425|1662810116.437169|2022-09-10 13:41:56.437169+02|16384|test|33|529264054|0|948106|2739909349|628132602|617354912|97578290|87577286|0|0|1|200417280|0|||0|0|75110099.986|39215140.739|8974478.882|4715|0|0|0|
1426|1662810117.452432|2022-09-10 13:41:57.452432+02|16384|test|33|529327922|0|948489|2740614232|628260608|617482852|97642154|87641150|0|0|1|200417280|0|||0|0|75142117.205|39236409.861|8980931.835|4717|0|0|0|
1427|1662810118.467561|2022-09-10 13:41:58.467561+02|16384|test|33|529383021|0|948913|2741222378|628371074|617593254|97697249|87696245|0|0|1|200417280|0|||0|0|75174132.641|39258503.953|8986928.499|4719|0|0|0|
1428|1662810119.482714|2022-09-10 13:41:59.482714+02|16384|test|33|529446711|0|949377|2741925412|628498733|617720838|97760935|87759931|0|0|1|200417280|0|||0|0|75206148.272|39279784.465|8993372.924|4721|0|0|0|
1429|1662810120.498025|2022-09-10 13:42:00.498025+02|16384|test|33|529510438|0|949640|2742628691|628626452|617848496|97824658|87823654|0|0|1|200417280|0|||0|0|75238166.341|39301086.857|8999801.421|4723|0|0|0|
1430|1662810121.512903|2022-09-10 13:42:01.512903+02|16384|test|33|529574168|0|950123|2743331765|628754178|617976160|97888384|87887380|0|0|1|200417280|0|||0|0|75270182.556|39322363.279|9006249.438|4725|0|0|0|
1431|1662810122.528395|2022-09-10 13:42:02.528395+02|16384|test|33|529637574|0|950747|2744031860|628881265|618103176|97951786|87950782|0|0|1|200417280|0|||0|0|75302201.438|39343729.561|9012641.301|4727|0|0|0|
1432|1662810123.543777|2022-09-10 13:42:03.543777+02|16384|test|33|529694166|0|951129|2744656302|628994709|618216564|98008374|88007370|0|0|1|200417280|0|||0|0|75334216.058|39365342.984|9018969.784|4729|0|0|0|
1433|1662810124.559385|2022-09-10 13:42:04.559385+02|16384|test|33|529758146|0|951391|2745362008|629122941|618344728|98072350|88071346|0|0|1|200417280|0|||0|0|75366232.23|39386596.406|9025434.61|4731|0|0|0|
1434|1662810125.575053|2022-09-10 13:42:05.575053+02|16384|test|33|529822159|0|951677|2746068486|629251233|618472958|98136359|88135355|0|0|1|200417280|0|||0|0|75398247.891|39407858.324|9031886.072|4733|0|0|0|
1435|1662810126.590147|2022-09-10 13:42:06.590147+02|16384|test|33|529885783|0|952042|2746770879|629378742|618600410|98199979|88198975|0|0|1|200417280|0|||0|0|75430261.765|39429204.98|9038281.463|4735|0|0|0|
1436|1662810127.606181|2022-09-10 13:42:07.606181+02|16384|test|33|529959307|0|952689|2747582774|629526073|618747662|98273499|88272495|0|0|1|200417280|0|||0|0|75468281.701|39454624.77|9045862.34|4737|0|0|0|
1437|1662810128.621651|2022-09-10 13:42:08.621651+02|16384|test|33|530028354|0|953192|2748344561|629664430|618885960|98342542|88341538|0|0|1|200417280|0|||0|0|75507298.537|39481181.367|9053363.18|4739|0|0|0|
1438|1662810129.637165|2022-09-10 13:42:09.637165+02|16384|test|33|530092064|0|953335|2749047302|629792117|619013584|98406248|88405244|0|0|1|200417280|0|||0|0|75539314.43|39502458.839|9059810.929|4741|0|0|0|
1439|1662810130.652247|2022-09-10 13:42:10.652247+02|16384|test|33|530155722|0|953678|2749749793|629919723|619141104|98469902|88468898|0|0|1|200417280|0|||0|0|75571329.684|39523805.082|9066207.234|4743|0|0|0|
1440|1662810131.667819|2022-09-10 13:42:11.667819+02|16384|test|33|530219511|0|954381|2750454074|630047578|619268886|98533687|88532683|0|0|1|200417280|0|||0|0|75603347.079|39545099.846|9072637.425|4745|0|0|0|
1441|1662810132.682890|2022-09-10 13:42:12.68289+02|16384|test|33|530279644|0|954788|2751117968|630168114|619389356|98593816|88592812|0|0|1|200417280|0|||0|0|75635364.496|39566713.639|9078887.179|4747|0|0|0|
1442|1662810133.697951|2022-09-10 13:42:13.697951+02|16384|test|33|530336179|0|955030|2751741866|630281445|619502630|98650347|88649343|0|0|1|200417280|0|||0|0|75667379.689|39588617.594|9084979.512|4749|0|0|0|
1443|1662810134.713346|2022-09-10 13:42:14.713346+02|16384|test|33|530399814|0|955355|2752424789|630405084|619626210|98713978|88711039|0|0|1|200417280|0|||0|0|75699395.224|39609917.54|9091414.868|4751|0|0|0|
1444|1662810135.728807|2022-09-10 13:42:15.728807+02|16384|test|33|530463492|0|955901|2753147153|630536608|619757664|98777652|88776648|0|0|1|200417280|0|||0|0|75731412.268|39631265.457|9097812.922|4753|0|0|0|
1445|1662810136.744877|2022-09-10 13:42:16.744877+02|16384|test|33|530526821|0|956065|2753846138|630663534|619884526|98840977|88839973|0|0|1|200417280|0|||0|0|75763428.479|39652586.023|9104230.257|4755|0|0|0|
1446|1662810137.760457|2022-09-10 13:42:17.760457+02|16384|test|33|530589466|0|956546|2754537374|630789093|620010020|98903618|88902614|0|0|1|200417280|0|||0|0|75795447.939|39673786.616|9110738.741|4757|0|0|0|
1447|1662810138.775050|2022-09-10 13:42:18.77505+02|16384|test|33|530646222|0|957210|2755163947|630902872|620123736|98960370|88959366|0|0|1|200417280|0|||0|0|75827469.503|39695827.566|9116751.475|4759|0|0|0|
1448|1662810139.790200|2022-09-10 13:42:19.7902+02|16384|test|33|530709865|0|957553|2755866109|631030420|620251226|99024009|89023005|0|0|1|200417280|0|||0|0|75859485.16|39717134.584|9123172.824|4761|0|0|0|
1449|1662810140.805503|2022-09-10 13:42:20.805503+02|16384|test|33|530773793|0|957901|2756571978|631158531|620379286|99087933|89086929|0|0|1|200417280|0|||0|0|75891501.918|39738396.389|9129631.793|4763|0|0|0|
1450|1662810141.820267|2022-09-10 13:42:21.820267+02|16384|test|33|530837594|0|958023|2757276027|631286402|620507092|99151730|89150726|0|0|1|200417280|0|||0|0|75923516.174|39759709.452|9136051.876|4765|0|0|0|
1451|1662810142.835326|2022-09-10 13:42:22.835326+02|16384|test|33|530937408|0|958952|2758377939|631486352|620706924|99251540|89250536|0|0|1|200417280|0|||0|0|75974538.797|39793712.717|9146279.562|4767|0|0|0|
1452|1662810143.851045|2022-09-10 13:42:23.851045+02|16384|test|33|530995597|0|959376|2759020375|631602979|620823506|99309725|89308721|0|0|1|200417280|0|||0|0|76006554.743|39815655.819|9152338.447|4769|0|0|0|
1453|1662810144.866915|2022-09-10 13:42:24.866915+02|16384|test|33|531059745|0|959678|2759728024|631731547|620952006|99373869|89372865|0|0|1|200417280|0|||0|0|76038569.821|39836931.425|9158776.354|4771|0|0|0|
1454|1662810145.882560|2022-09-10 13:42:25.88256+02|16384|test|33|531123721|0|960003|2760434206|631859758|621080162|99437841|89436837|0|0|1|200417280|0|||0|0|76070586.562|39858217.297|9165209.761|4773|0|0|0|
1455|1662810146.897814|2022-09-10 13:42:26.897814+02|16384|test|33|531187475|0|960613|2761138815|631987516|621207874|99501591|89500587|0|0|1|200417280|0|||0|0|76102601.226|39879550.562|9171615.667|4775|0|0|0|
1456|1662810147.913381|2022-09-10 13:42:27.913381+02|16384|test|33|531248938|0|960895|2761816812|632110699|621331004|99563050|89562046|0|0|1|200417280|0|||0|0|76134617.295|39901026.208|9177945.595|4777|0|0|0|
1457|1662810148.927796|2022-09-10 13:42:28.927796+02|16384|test|33|531305879|0|961237|2762445039|632224835|621445090|99619987|89618983|0|0|1|200417280|0|||0|0|76166632.768|39922983.629|9184006.814|4779|0|0|0|
1458|1662810149.942710|2022-09-10 13:42:29.94271+02|16384|test|33|531369689|0|961561|2763149267|632352724|621572914|99683793|89682789|0|0|1|200417280|0|||0|0|76198650.172|39944308.994|9190416.005|4781|0|0|0|
1459|1662810150.957775|2022-09-10 13:42:30.957775+02|16384|test|33|531433550|0|962009|2763854534|632480695|621700840|99747650|89746646|0|0|1|200417280|0|||0|0|76230666.86|39965578.485|9196867.998|4783|0|0|0|
1460|1662810151.972734|2022-09-10 13:42:31.972734+02|16384|test|33|531497242|0|962713|2764557731|632608347|621828428|99811338|89810334|0|0|1|200417280|0|||0|0|76262684.314|39986927.14|9203265.017|4785|0|0|0|
1461|1662810152.987486|2022-09-10 13:42:32.987486+02|16384|test|33|531561186|0|962855|2765262855|632736484|621956520|99875278|89874274|0|0|1|200417280|0|||0|0|76294700.756|40008258.388|9209665.45|4787|0|0|0|
1462|1662810154.002781|2022-09-10 13:42:34.002781+02|16384|test|33|531615274|0|963320|2765860256|632844915|622064900|99929362|89928358|0|0|1|200417280|0|||0|0|76326735.631|40030389.757|9215519.244|4789|0|0|0|
1463|1662810155.017519|2022-09-10 13:42:35.017519+02|16384|test|33|531679069|0|963583|2766564031|632972767|622192694|99993153|89992149|0|0|1|200417280|0|||0|0|76358749.064|40051745.855|9221902.336|4791|0|0|0|
1464|1662810156.032622|2022-09-10 13:42:36.032622+02|16384|test|33|531743057|0|963987|2767258202|633096987|622316848|100057137|90056133|0|0|1|200417280|0|||0|0|76390766.17|40073070.466|9228313.64|4793|0|0|0|
1465|1662810157.048261|2022-09-10 13:42:37.048261+02|16384|test|33|531806829|0|964410|2767974131|633228819|622448622|100120905|90119901|0|0|1|200417280|0|||0|0|76422784.015|40094376.883|9234739.443|4795|0|0|0|
1466|1662810158.063396|2022-09-10 13:42:38.063396+02|16384|test|33|531870732|0|964816|2768679536|633356882|622576632|100184804|90183800|0|0|1|200417280|0|||0|0|76454798.48|40115621.808|9241210.262|4797|0|0|0|
1467|1662810159.077526|2022-09-10 13:42:39.077526+02|16384|test|33|531926467|0|965283|2769295155|633468610|622688306|100240535|90239531|0|0|1|200417280|0|||0|0|76486813.653|40137535.314|9247268.311|4799|0|0|0|
1468|1662810160.092310|2022-09-10 13:42:40.09231+02|16384|test|33|531990021|0|965749|2769996758|633595970|622815618|100304085|90303081|0|0|1|200417280|0|||0|0|76518829.979|40158849.307|9253683.325|4801|0|0|0|
1469|1662810161.107332|2022-09-10 13:42:41.107332+02|16384|test|33|532053676|0|965993|2770699267|633723549|622943132|100367736|90366732|0|0|1|200417280|0|||0|0|76550845.378|40180125.744|9260127.322|4803|0|0|0|
1470|1662810162.122855|2022-09-10 13:42:42.122855+02|16384|test|33|532117172|0|966539|2771433411|633852284|623070482|100431224|90430224|0|0|1|200417280|0|||0|0|76582872.158|40201459.959|9266546.314|4805|0|0|0|
1471|1662810163.139986|2022-09-10 13:42:43.139986+02|16384|test|33|532181003|0|966702|2772143005|633981347|623198732|100495051|90494051|0|0|1|200417280|0|||0|0|76614887.504|40222770.814|9272951.605|4807|0|0|0|
1472|1662810164.155623|2022-09-10 13:42:44.155623+02|16384|test|33|532237050|0|967285|2772761771|634093690|623311030|100551094|90550094|0|0|1|200417280|0|||0|0|76646904.022|40244479.444|9279194.713|4809|0|0|0|
1473|1662810165.170716|2022-09-10 13:42:45.170716+02|16384|test|33|532300682|0|967707|2773463865|634221229|623438498|100614722|90613722|0|0|1|200417280|0|||0|0|76678920.354|40265814.474|9285604.423|4811|0|0|0|
1474|1662810166.186137|2022-09-10 13:42:46.186137+02|16384|test|33|532364659|0|968049|2774169711|634349467|623566656|100678695|90677695|0|0|1|200417280|0|||0|0|76710937.435|40287132.586|9292013.573|4813|0|0|0|
1475|1662810167.201067|2022-09-10 13:42:47.201067+02|16384|test|33|532428738|0|968352|2774876855|634477897|623695018|100742770|90741770|0|0|1|200417280|0|||0|0|76742953.739|40308429.14|9298436.716|4815|0|0|0|
1476|1662810168.216686|2022-09-10 13:42:48.216686+02|16384|test|33|532492961|0|968717|2775585766|634606607|623823668|100806989|90805989|0|0|1|200417280|0|||0|0|76774969.464|40329771.405|9304818.579|4817|0|0|0|
1477|1662810169.232348|2022-09-10 13:42:49.232348+02|16384|test|33|532546726|0|969104|2776179476|634714401|623931402|100860750|90859750|0|0|1|200417280|0|||0|0|76806986.458|40351993.332|9310707.992|4819|0|0|0|
1478|1662810170.247089|2022-09-10 13:42:50.247089+02|16384|test|33|532610483|0|969610|2776881411|634842178|624059120|100922492|90923503|0|0|1|200417280|0|||0|0|76839001.452|40373208.882|9317205.218|4821|0|0|0|
1479|1662810171.261726|2022-09-10 13:42:51.261726+02|16384|test|33|532674469|0|969914|2777589628|634970420|624187296|100988485|90987485|0|0|1|200417280|0|||0|0|76871015.19|40394497.968|9323638.313|4823|0|0|0|
1480|1662810172.277229|2022-09-10 13:42:52.277229+02|16384|test|33|532736500|0|970264|2778272640|635094744|624311562|101048465|91049512|0|0|1|200417280|0|||0|0|76902033.325|40415112.695|9329874.295|4825|0|0|0|
1481|1662810173.292837|2022-09-10 13:42:53.292837+02|16384|test|33|532802189|0|970729|2778999954|635226381|624443144|101116197|91115197|0|0|1|200417280|0|||0|0|76935047.784|40437130.361|9336469.823|4827|0|0|0|
1482|1662810174.307649|2022-09-10 13:42:54.307649+02|16384|test|33|532856518|0|971013|2779599827|635335298|624552006|101170522|91169522|0|0|1|200417280|0|||0|0|76967063.644|40459258.599|9342424.749|4829|0|0|0|
1483|1662810175.322833|2022-09-10 13:42:55.322833+02|16384|test|33|532920090|0|971441|2780301724|635462699|624679354|101234090|91233090|0|0|1|200417280|0|||0|0|76999081.489|40480555.9|9348860.506|4831|0|0|0|
1484|1662810176.338000|2022-09-10 13:42:56.338+02|16384|test|33|532984030|0|971906|2781007717|635590848|624807438|101298026|91297026|0|0|1|200417280|0|||0|0|77031099.035|40501899.128|9355256.427|4833|0|0|0|
1485|1662810177.354017|2022-09-10 13:42:57.354017+02|16384|test|33|533047894|0|972331|2781712619|635718842|624935370|101361886|91360886|0|0|1|200417280|0|||0|0|77063112.646|40523232.214|9361659.007|4835|0|0|0|
1486|1662810178.368982|2022-09-10 13:42:58.368982+02|16384|test|33|533112136|0|972638|2782421978|635847583|625064058|101426124|91425124|0|0|1|200417280|0|||0|0|77095127.106|40544515.424|9368088.598|4837|0|0|0|
1487|1662810179.384418|2022-09-10 13:42:59.384418+02|16384|test|33|533166897|0|972984|2783026731|635957355|625173784|101480881|91479881|0|0|1|200417280|0|||0|0|77127144.684|40566643.493|9374029.577|4839|0|0|0|
1488|1662810180.399734|2022-09-10 13:43:00.399734+02|16384|test|33|533228180|0|972984|2783700410|636080178|625296554|101540182|91541160|0|0|1|200417280|0|||0|0|77158607.419|40587670.877|9380305.995|4841|0|0|0|
1489|1662810181.414959|2022-09-10 13:43:01.414959+02|16384|test|33|533294718|0|973813|2784437615|636213533|625429834|101608694|91607694|0|0|1|200417280|0|||0|0|77191829.778|40609790.89|9386952.917|4843|0|0|0|
1490|1662810182.430340|2022-09-10 13:43:02.43034+02|16384|test|33|533359017|0|974337|2785147341|636342384|625558636|101672989|91671989|0|0|1|200417280|0|||0|0|77224138.191|40631384.079|9393363.07|4845|0|0|0|
1491|1662810183.445699|2022-09-10 13:43:03.445699+02|16384|test|33|533419362|0|974700|2785801411|636459363|625675566|101733330|91732330|0|0|1|200417280|0|||0|0|77254346.238|40651519.923|9399390.029|4847|0|0|0|
1492|1662810184.461729|2022-09-10 13:43:04.461729+02|16384|test|33|533481988|0|975027|2786504383|636588844|625804986|101795952|91794952|0|0|1|200417280|0|||0|0|77288562.515|40674791.786|9405972.08|4849|0|0|0|
1493|1662810185.476792|2022-09-10 13:43:05.476792+02|16384|test|33|533545178|0|975451|2787201857|636715499|625931570|101859138|91858138|0|0|1|200417280|0|||0|0|77321253.024|40696769.42|9412390.8|4851|0|0|0|
1494|1662810186.492305|2022-09-10 13:43:06.492305+02|16384|test|33|533609926|0|975838|2787916726|636845257|626061270|101923882|91922882|0|0|1|200417280|0|||0|0|77353519.836|40718242.768|9418848.557|4853|0|0|0|
1495|1662810187.507651|2022-09-10 13:43:07.507651+02|16384|test|33|533674691|0|976325|2788611091|636970947|626186906|101988643|91985551|0|0|1|200417280|0|||0|0|77385784.307|40739661.473|9425361.172|4855|0|0|0|
1496|1662810188.523196|2022-09-10 13:43:08.523196+02|16384|test|33|533735400|0|976650|2789300238|637096737|626312626|102047355|92048348|0|0|1|200417280|0|||0|0|77416013.337|40759722.688|9431457.456|4857|0|0|0|
1497|1662810189.538733|2022-09-10 13:43:09.538733+02|16384|test|33|533798993|0|977115|2790004264|637224185|626440016|102112937|92111937|0|0|1|200417280|0|||0|0|77449131.057|40781886.335|9438036.528|4859|0|0|0|
1498|1662810190.553876|2022-09-10 13:43:10.553876+02|16384|test|33|533859738|0|977557|2790674555|637345932|626561710|102173678|92172678|0|0|1|200417280|0|||0|0|77482149.794|40804428.332|9444315.689|4861|0|0|0|
1499|1662810191.568967|2022-09-10 13:43:11.568967+02|16384|test|33|533923603|0|978125|2791380066|637473928|626689644|102237539|92236539|0|0|1|200417280|0|||0|0|77514166.532|40825803.555|9450682.664|4863|0|0|0|
1500|1662810192.584730|2022-09-10 13:43:12.58473+02|16384|test|33|533985734|0|978327|2792045579|637594550|626810206|102299666|92296650|0|0|1|200417280|0|||0|0|77545182.209|40846458.176|9456878.505|4865|0|0|0|
1501|1662810193.600480|2022-09-10 13:43:13.60048+02|16384|test|33|534048696|0|978729|2792759975|637724637|626940238|102362624|92361624|0|0|1|200417280|0|||0|0|77577196.609|40867797.909|9463277.759|4867|0|0|0|
1502|1662810194.615405|2022-09-10 13:43:14.615405+02|16384|test|33|534112026|0|979011|2793458668|637851561|627067102|102425950|92424950|0|0|1|200417280|0|||0|0|77610243.725|40890115.646|9469698.634|4869|0|0|0|
1503|1662810195.630225|2022-09-10 13:43:15.630225+02|16384|test|33|534169405|0|979515|2794092107|637966578|627182064|102483325|92482325|0|0|1|200417280|0|||0|0|77642258.803|40912071.352|9475756.516|4871|0|0|0|
1504|1662810196.645313|2022-09-10 13:43:16.645313+02|16384|test|33|534233064|0|979979|2794794758|638094167|627309586|102546980|92545980|0|0|1|200417280|0|||0|0|77674275.01|40933452.297|9482127.554|4873|0|0|0|
1505|1662810197.660114|2022-09-10 13:43:17.660114+02|16384|test|33|534294988|0|980306|2795476315|638218291|627433638|102606869|92607900|0|0|1|200417280|0|||0|0|77705290.946|40954101.901|9488337.994|4875|0|0|0|
1506|1662810198.674883|2022-09-10 13:43:18.674883+02|16384|test|33|534361042|0|980551|2796207412|638350665|627565950|102674950|92673950|0|0|1|200417280|0|||0|0|77738306.567|40976106.071|9494921.442|4877|0|0|0|
1507|1662810199.690625|2022-09-10 13:43:19.690625+02|16384|test|33|534425043|0|981058|2796914250|638478938|627694156|102738947|92737947|0|0|1|200417280|0|||0|0|77770321.637|40997451.043|9501304.972|4879|0|0|0|
1508|1662810200.705545|2022-09-10 13:43:20.705545+02|16384|test|33|534477891|0|981400|2797495647|638584886|627800056|102790069|92790791|0|0|1|200417280|0|||0|0|77801337.136|41018890.102|9507064.693|4881|0|0|0|
1509|1662810201.721154|2022-09-10 13:43:21.721154+02|16384|test|33|534551535|0|981886|2798310086|638732431|627947548|102865431|92864431|0|0|1|200417280|0|||0|0|77838354.506|41043528.08|9514494.217|4883|0|0|0|
1510|1662810202.736623|2022-09-10 13:43:22.736623+02|16384|test|33|534632151|0|982231|2799199583|638893937|628108984|102946043|92945043|0|0|1|200417280|0|||0|0|77879372.52|41070875.307|9522701.878|4885|0|0|0|
1511|1662810203.752372|2022-09-10 13:43:23.752372+02|16384|test|33|534695801|0|982958|2799902309|639021489|628236488|103009689|93008689|0|0|1|200417280|0|||0|0|77911389.154|41092234.448|9529087.72|4887|0|0|0|
1512|1662810204.767943|2022-09-10 13:43:24.767943+02|16384|test|33|534756884|0|983501|2800576530|639143899|628358858|103070768|93069768|0|0|1|200417280|0|||0|0|77943406.357|41113635.633|9535466.338|4889|0|0|0|
1513|1662810205.782495|2022-09-10 13:43:25.782495+02|16384|test|33|534814434|0|983804|2801211455|639259248|628474162|103128314|93127314|0|0|1|200417280|0|||0|0|77975422.722|41135431.497|9541615.488|4891|0|0|0|
1514|1662810206.797030|2022-09-10 13:43:26.79703+02|16384|test|33|534878453|0|984268|2801918023|639387546|628602404|103192329|93191329|0|0|1|200417280|0|||0|0|78007439.672|41156718.617|9548050.943|4893|0|0|0|
1515|1662810207.812466|2022-09-10 13:43:27.812466+02|16384|test|33|534942303|0|984593|2802622854|639515508|628730308|103256175|93255175|0|0|1|200417280|0|||0|0|78039455.973|41177998.709|9554493.323|4895|0|0|0|
1516|1662810208.827495|2022-09-10 13:43:28.827495+02|16384|test|33|535006175|0|984936|2803327698|639643511|628858256|103320043|93319043|0|0|1|200417280|0|||0|0|78071470.241|41199293.775|9560922.883|4897|0|0|0|
1517|1662810209.843125|2022-09-10 13:43:29.843125+02|16384|test|33|535066463|0|984959|2803992641|639764351|628979036|103380327|93379327|0|0|1|200417280|0|||0|0|78103486.424|41220916.44|9567157.52|4899|0|0|0|
1518|1662810210.858248|2022-09-10 13:43:30.858248+02|16384|test|33|535126928|0|985725|2804660408|639885536|629100170|103440788|93439788|0|0|1|200417280|0|||0|0|78135502.086|41242256.08|9573579.151|4901|0|0|0|
1519|1662810211.873853|2022-09-10 13:43:31.873853+02|16384|test|33|535191043|0|985907|2805367810|640014032|629228604|103504899|93503899|0|0|1|200417280|0|||0|0|78167519.748|41263516.646|9580034.764|4903|0|0|0|
1520|1662810212.889737|2022-09-10 13:43:32.889737+02|16384|test|33|535255096|0|986353|2806074942|640142388|629356914|103568948|93567948|0|0|1|200417280|0|||0|0|78199536.78|41284754.268|9586507.189|4905|0|0|0|
1521|1662810213.905371|2022-09-10 13:43:33.905371+02|16384|test|33|535319124|0|986578|2806781581|640270697|629485174|103632972|93631972|0|0|1|200417280|0|||0|0|78231552.815|41306005.444|9592966.918|4907|0|0|0|
1522|1662810214.920797|2022-09-10 13:43:34.920797+02|16384|test|33|535378962|0|987006|2807442181|640390617|629605054|103692806|93691806|0|0|1|200417280|0|||0|0|78263567.775|41327590.025|9599248.369|4909|0|0|0|
1523|1662810215.935524|2022-09-10 13:43:35.935524+02|16384|test|33|535475116|0|987934|2808503243|640583203|629797566|103788956|93787956|0|0|1|200417280|0|||0|0|78314588.974|41361862.974|9609359.297|4911|0|0|0|
1524|1662810216.950465|2022-09-10 13:43:36.950465+02|16384|test|33|535538894|0|988176|2809206788|640711011|629925326|103852730|93851730|0|0|1|200417280|0|||0|0|78346605.472|41383150.604|9615801.736|4913|0|0|0|
1525|1662810217.965570|2022-09-10 13:43:37.96557+02|16384|test|33|535602802|0|988825|2809913009|640839098|630053346|103916634|93915634|0|0|1|200417280|0|||0|0|78378621.098|41404442.789|9622234.33|4915|0|0|0|
1526|1662810218.980923|2022-09-10 13:43:38.980923+02|16384|test|33|535666789|0|989047|2810618986|640967329|630181524|103980617|93979617|0|0|1|200417280|0|||0|0|78410637.762|41425684.682|9628706.402|4917|0|0|0|
1527|1662810219.996296|2022-09-10 13:43:39.996296+02|16384|test|33|535722077|0|989531|2811229367|641078156|630292304|104035901|94034901|0|0|1|200417280|0|||0|0|78442656.359|41447837.115|9634684.801|4919|0|0|0|
1528|1662810221.012096|2022-09-10 13:43:41.012096+02|16384|test|33|535785577|0|989855|2811930102|641205395|630419508|104099397|94098397|0|0|1|200417280|0|||0|0|78474671.865|41469074.097|9641167.825|4921|0|0|0|
1529|1662810222.027038|2022-09-10 13:43:42.027038+02|16384|test|34|535849201|0|990097|2812636510|641333665|630546960|104163017|94162017|0|0|1|200417280|0|||0|0|78506686.739|41490345.575|9647616.403|4923|0|0|0|
1530|1662810223.042200|2022-09-10 13:43:43.0422+02|16384|test|34|535911410|0|990666|2813329363|641459450|630671966|104225222|94224222|0|0|1|200417280|0|||0|0|78538702.304|41511813.023|9653926|4925|0|0|0|
1531|1662810224.058066|2022-09-10 13:43:44.058066+02|16384|test|34|535973752|0|990929|2814017234|641584407|630796854|104287560|94286560|0|0|1|200417280|0|||0|0|78570716.875|41533298.454|9660224.123|4927|0|0|0|
1532|1662810225.073983|2022-09-10 13:43:45.073983+02|16384|test|34|536027375|0|991295|2814609694|641691932|630904304|104341179|94340179|0|0|1|200417280|0|||0|0|78602737.318|41555348.378|9666244.013|4929|0|0|0|
1533|1662810226.089895|2022-09-10 13:43:46.089895+02|16384|test|34|536087535|0|991758|2815273711|641812507|631024828|104401335|94400335|0|0|1|200417280|0|||0|0|78634754.1|41576901.176|9672516.952|4931|0|0|0|
1534|1662810227.105299|2022-09-10 13:43:47.105299+02|16384|test|34|536149720|0|992021|2815959894|641937140|631149402|104463516|94462516|0|0|1|200417280|0|||0|0|78666769.965|41598352.071|9678849.463|4933|0|0|0|
1535|1662810228.121095|2022-09-10 13:43:48.121095+02|16384|test|34|536211970|0|992465|2816646923|642061914|631274106|104525762|94524762|0|0|1|200417280|0|||0|0|78698787.331|41619802.719|9685180.71|4935|0|0|0|
1536|1662810229.137193|2022-09-10 13:43:49.137193+02|16384|test|33|536274242|0|992874|2817601938|642187929|631399181|104588024|94587028|0|0|1|200417280|0|||0|0|78730805.079|41641291.828|9691478.497|4937|0|0|0|
1537|1662810230.152879|2022-09-10 13:43:50.152879+02|16384|test|33|536331711|0|993400|2818236917|642303237|631514442|104645489|94644493|0|0|1|200417280|0|||0|0|78762999.925|41663302.04|9697624.008|4939|0|0|0|
1538|1662810231.167989|2022-09-10 13:43:51.167989+02|16384|test|33|536392778|0|993822|2818899501|642421893|631633046|104706552|94705556|0|0|1|200417280|0|||0|0|78795016.294|41684767.899|9703983.166|4941|0|0|0|
1539|1662810232.183291|2022-09-10 13:43:52.183291+02|16384|test|33|536456564|0|993884|2819614270|642553465|631764556|104770334|94769338|0|0|1|200417280|0|||0|0|78827031.409|41705993.054|9710470.122|4943|0|0|0|
1540|1662810233.198815|2022-09-10 13:43:53.198815+02|16384|test|33|536520703|0|994768|2820314455|642682002|631893038|104834469|94831465|0|0|1|200417280|0|||0|0|78859341.909|41727559.084|9716906.944|4945|0|0|0|
1541|1662810234.214330|2022-09-10 13:43:54.21433+02|16384|test|33|536584956|0|994769|2821018290|642806599|632017586|104898718|94897722|0|0|1|200417280|0|||0|0|78891574.148|41748914.648|9723431.218|4947|0|0|0|
1542|1662810235.229605|2022-09-10 13:43:55.229605+02|16384|test|33|536645511|0|995138|2821699588|642932134|632143062|104959269|94958273|0|0|1|200417280|0|||0|0|78924004.976|41770677.409|9729850.259|4949|0|0|0|
1543|1662810236.244401|2022-09-10 13:43:56.244401+02|16384|test|33|536706175|0|995583|2822369396|643053714|632264594|105019929|95018933|0|0|1|200417280|0|||0|0|78956806.054|41792609.091|9736403.064|4951|0|0|0|
1544|1662810237.259613|2022-09-10 13:43:57.259613+02|16384|test|33|536766702|0|996066|2823029019|643175022|632385852|105080452|95077370|0|0|1|200417280|0|||0|0|78987158.748|41812753.745|9742533.881|4953|0|0|0|
1545|1662810238.274208|2022-09-10 13:43:58.274208+02|16384|test|33|536835353|0|996429|2823794797|643312581|632523358|105149099|95148103|0|0|1|200417280|0|||0|0|79021635.896|41835688.277|9749460.06|4955|0|0|0|
1546|1662810239.289280|2022-09-10 13:43:59.28928+02|16384|test|33|536899863|0|996936|2824507314|643441855|632652582|105213605|95212609|0|0|1|200417280|0|||0|0|79054064.603|41857235.73|9755995.019|4957|0|0|0|
1547|1662810240.305255|2022-09-10 13:44:00.305255+02|16384|test|33|536962697|0|997238|2825200416|643567775|632778454|105276435|95275439|0|0|1|200417280|0|||0|0|79086094.074|41878356.915|9762561.257|4959|0|0|0|
1548|1662810241.320771|2022-09-10 13:44:01.320771+02|16384|test|33|537020619|0|997624|2825839783|643683881|632894502|105334353|95333357|0|0|1|200417280|0|||0|0|79118107.62|41900172.813|9768690.693|4961|0|0|0|
1549|1662810242.336151|2022-09-10 13:44:02.336151+02|16384|test|33|537084464|0|998128|2826544503|643811814|633022396|105398194|95397198|0|0|1|200417280|0|||0|0|79150122.74|41921462.407|9775122.862|4963|0|0|0|
1550|1662810243.350978|2022-09-10 13:44:03.350978+02|16384|test|33|537148273|0|998430|2827248326|643939681|633150218|105461999|95461003|0|0|1|200417280|0|||0|0|79182139.525|41942736.629|9781566.545|4965|0|0|0|
1551|1662810244.365873|2022-09-10 13:44:04.365873+02|16384|test|33|537211793|0|998692|2827949135|644066982|633277462|105525515|95524519|0|0|1|200417280|0|||0|0|79214156.299|41964061.049|9787986.947|4967|0|0|0|
1552|1662810245.380551|2022-09-10 13:44:05.380551+02|16384|test|33|537275266|0|999194|2828649355|644194193|633404612|105588984|95587988|0|0|1|200417280|0|||0|0|79246222.978|41985299.266|9794509.753|4969|0|0|0|
1553|1662810246.392249|2022-09-10 13:44:06.392249+02|16384|test|33|537330824|0|999558|2829262601|644305561|633515932|105644538|95643542|0|0|1|200417280|0|||0|0|79278236.643|42007399.548|9800473.338|4971|0|0|0|
1554|1662810247.406180|2022-09-10 13:44:07.40618+02|16384|test|33|537394538|0|999902|2829965862|644433244|633643564|105708248|95707252|0|0|1|200417280|0|||0|0|79310251.621|42028665.484|9806928.503|4973|0|0|0|
1555|1662810248.421304|2022-09-10 13:44:08.421304+02|16384|test|33|537458378|0|1000469|2830670847|644561175|633771448|105772084|95771088|0|0|1|200417280|0|||0|0|79342266.928|42049952.026|9813359.127|4975|0|0|0|
1556|1662810249.436893|2022-09-10 13:44:09.436893+02|16384|test|33|537522082|0|1000673|2831373946|644688849|633899060|105835784|95834788|0|0|1|200417280|0|||0|0|79374281.361|42071234.27|9819796.806|4977|0|0|0|
1557|1662810250.452009|2022-09-10 13:44:10.452009+02|16384|test|33|537585697|0|1001304|2832076952|644816323|634026494|105899395|95898399|0|0|1|200417280|0|||0|0|79406296.782|42092577.175|9826188.883|4979|0|0|0|
1558|1662810251.466990|2022-09-10 13:44:11.46699+02|16384|test|33|537640287|0|1001626|2832679236|644925739|634135878|105953981|95952985|0|0|1|200417280|0|||0|0|79438311.975|42114502.681|9832281.05|4981|0|0|0|
1559|1662810252.482527|2022-09-10 13:44:12.482527+02|16384|test|33|537704043|0|1002108|2833382703|645053502|634263594|106017733|96016737|0|0|1|200417280|0|||0|0|79470327.482|42135776.96|9838734.279|4983|0|0|0|
1560|1662810253.497550|2022-09-10 13:44:13.49755+02|16384|test|33|537768332|0|1002434|2834092403|645182340|634392376|106082018|96081022|0|0|1|200417280|0|||0|0|79502343.619|42157035.821|9845181.486|4985|0|0|0|
1561|1662810254.512699|2022-09-10 13:44:14.512699+02|16384|test|33|537832325|0|1002939|2834798671|645310589|634520566|106146007|96145011|0|0|1|200417280|0|||0|0|79534359.516|42178328.159|9851611.45|4987|0|0|0|
1562|1662810255.527687|2022-09-10 13:44:15.527687+02|16384|test|33|537896316|0|1003162|2835504709|645438822|634648752|106209994|96208998|0|0|1|200417280|0|||0|0|79566373.227|42199614.093|9858040.415|4989|0|0|0|
1563|1662810256.543055|2022-09-10 13:44:16.543055+02|16384|test|33|537952765|0|1003806|2836128057|645551969|634761854|106266439|96265443|0|0|1|200417280|0|||0|0|79598388.755|42221557.398|9864110.831|4991|0|0|0|
1564|1662810257.558425|2022-09-10 13:44:17.558425+02|16384|test|33|538016371|0|1004289|2836830001|645679434|634889270|106330041|96329045|0|0|1|200417280|0|||0|0|79630404.481|42242937.656|9870488.077|4993|0|0|0|
1565|1662810258.573880|2022-09-10 13:44:18.57388+02|16384|test|33|538080388|0|1004670|2837536160|645807732|635017508|106394054|96393058|0|0|1|200417280|0|||0|0|79662418.227|42264239.749|9876907.927|4995|0|0|0|
1566|1662810259.589528|2022-09-10 13:44:19.589528+02|16384|test|33|538142124|0|1004933|2838205105|645927454|635137174|106455786|96454790|0|0|1|200417280|0|||0|0|79693433.412|42284853.589|9883152.051|4997|0|0|0|
1567|1662810260.603937|2022-09-10 13:44:20.603937+02|16384|test|33|538208189|0|1005098|2838946516|646063853|635273518|106521847|96520851|0|0|1|200417280|0|||0|0|79726450.915|42306818.7|9889774.841|4999|0|0|0|
1568|1662810261.619458|2022-09-10 13:44:21.619458+02|16384|test|33|538265046|0|1005606|2839574372|646177808|635387436|106578700|96577704|0|0|1|200417280|0|||0|0|79758468.976|42328457.884|9896043.882|5001|0|0|0|
1569|1662810262.634728|2022-09-10 13:44:22.634728+02|16384|test|33|538329149|0|1005993|2840282028|646306258|635515846|106642799|96641803|0|0|1|200417280|0|||0|0|79790484.901|42349732.344|9902483.562|5003|0|0|0|
1570|1662810263.649844|2022-09-10 13:44:23.649844+02|16384|test|33|538393219|0|1006319|2840989345|646434657|635644190|106706865|96705869|0|0|1|200417280|0|||0|0|79822500.889|42371052.337|9908890.34|5005|0|0|0|
1571|1662810264.665275|2022-09-10 13:44:24.665275+02|16384|test|33|538457211|0|1006767|2841695887|646562893|635772378|106770853|96769857|0|0|1|200417280|0|||0|0|79854517.222|42392413.506|9915258.547|5007|0|0|0|
1572|1662810265.679988|2022-09-10 13:44:25.679988+02|16384|test|33|538521166|0|1007151|2842401669|646691072|635900492|106834804|96833808|0|0|1|200417280|0|||0|0|79886532.152|42413720.665|9921681.12|5009|0|0|0|
1573|1662810266.695439|2022-09-10 13:44:26.695439+02|16384|test|33|538574932|0|1007495|2842995101|646798843|636008228|106888566|96887570|0|0|1|200417280|0|||0|0|79918547.385|42435883.664|9927635.799|5011|0|0|0|
1574|1662810267.711328|2022-09-10 13:44:27.711328+02|16384|test|33|538638083|0|1007919|2843692156|646925396|636134734|106951713|96950717|0|0|1|200417280|0|||0|0|79950564.425|42457122.196|9934118.773|5013|0|0|0|
1575|1662810268.726748|2022-09-10 13:44:28.726748+02|16384|test|33|538701787|0|1008344|2844395318|647053062|636262346|107015413|97014417|0|0|1|200417280|0|||0|0|79982579.919|42478397.3|9940566.166|5015|0|0|0|
1576|1662810269.741858|2022-09-10 13:44:29.741858+02|16384|test|33|538765825|0|1008709|2845102229|647181390|636390626|107079447|97078451|0|0|1|200417280|0|||0|0|80014595.615|42499657.794|9947021.132|5017|0|0|0|
1577|1662810270.756510|2022-09-10 13:44:30.75651+02|16384|test|33|538829653|0|1009174|2845806957|647309297|636518486|107143271|97142275|0|0|1|200417280|0|||0|0|80046610.347|42520941.198|9953464.934|5019|0|0|0|
1578|1662810271.771085|2022-09-10 13:44:31.771085+02|16384|test|33|538883257|0|1009498|2846396892|647416743|636625898|107195171|97195875|0|0|1|200417280|0|||0|0|80077627.911|42542224.775|9959312.298|5021|0|0|0|
1579|1662810272.786263|2022-09-10 13:44:32.786263+02|16384|test|33|538947309|0|1010064|2847105983|647545098|636754206|107260919|97259923|0|0|1|200417280|0|||0|0|80110643.048|42564326.866|9965879.293|5023|0|0|0|
1580|1662810273.801660|2022-09-10 13:44:33.80166+02|16384|test|33|539011362|0|1010408|2847812752|647673458|636882516|107324968|97323972|0|0|1|200417280|0|||0|0|80142658.789|42585635.595|9972294.885|5025|0|0|0|
1581|1662810274.817641|2022-09-10 13:44:34.817641+02|16384|test|33|539075374|0|1010692|2848519078|647801736|637010744|107388976|97387980|0|0|1|200417280|0|||0|0|80174675.392|42606942.643|9978709.848|5027|0|0|0|
1582|1662810275.833221|2022-09-10 13:44:35.833221+02|16384|test|33|539139127|0|1011242|2849223503|647929498|637138454|107452725|97451729|0|0|1|200417280|0|||0|0|80206691.528|42628277.811|9985110.066|5029|0|0|0|
1583|1662810276.848895|2022-09-10 13:44:36.848895+02|16384|test|33|539220065|0|1011888|2850116877|648091641|637300534|107533659|97532663|0|0|1|200417280|0|||0|0|80251952.81|42659110.772|9993810.504|5031|0|0|0|
1584|1662810277.864609|2022-09-10 13:44:37.864609+02|16384|test|33|539284088|0|1011950|2850823065|648219938|637428784|107597678|97596682|0|0|1|200417280|0|||0|0|80284164.257|42680514.796|10000300.39|5033|0|0|0|
1585|1662810278.880159|2022-09-10 13:44:38.880159+02|16384|test|33|539348533|0|1012575|2851524285|648349077|637557878|107660165|97659064|0|0|1|200417280|0|||0|0|80316409.46|42701926.3|10006805.646|5035|0|0|0|
1586|1662810279.895197|2022-09-10 13:44:39.895197+02|16384|test|33|539412839|0|1013121|2852244512|648477943|637686694|107726421|97725425|0|0|1|200417280|0|||0|0|80348677.145|42723454.275|10013235.03|5037|0|0|0|
1587|1662810280.910409|2022-09-10 13:44:40.910409+02|16384|test|33|539450917|0|1013143|2852664788|648554334|637763054|107764495|97763499|0|0|1|200417280|0|||0|0|80367689.904|42736114.686|10017038.185|5039|0|0|0|
1588|1662810281.925998|2022-09-10 13:44:41.925998+02|16384|test|34|539509969|0|1013509|2853309375|648672678|637881362|107823543|97820690|0|0|1|200417280|0|||0|0|80399106.596|42757510.635|10023063.575|5041|0|0|0|
1589|1662810282.941695|2022-09-10 13:44:42.941695+02|16384|test|33|539595441|0|1014197|2854336867|648848044|638053224|107909005|97908019|0|0|1|200417280|0|||0|0|80444410.552|42787912.461|10032052.16|5043|0|0|0|
1590|1662810283.957320|2022-09-10 13:44:43.95732+02|16384|test|33|539661433|0|1014628|2855063397|648978073|638181644|107974993|97974007|0|0|1|200417280|0|||0|0|80477704.842|42810028.842|10038763.013|5045|0|0|0|
1591|1662810284.972663|2022-09-10 13:44:44.972663+02|16384|test|33|539725916|0|1014711|2855766782|649107368|638310790|108039472|98036442|0|0|1|200417280|0|||0|0|80509978.006|42831474.431|10045260.502|5047|0|0|0|
1592|1662810285.986946|2022-09-10 13:44:45.986946+02|16384|test|33|539788535|0|1015356|2856476324|649236859|638440208|108100096|98101101|0|0|1|200417280|0|||0|0|80541388.4|42852371.092|10051567.221|5049|0|0|0|
1593|1662810287.005774|2022-09-10 13:44:47.005774+02|16384|test|33|539847676|0|1015501|2857131254|649355413|638558694|108161224|98160238|0|0|1|200417280|0|||0|0|80573426.214|42873956.576|10057871.907|5051|0|0|0|
1594|1662810288.021322|2022-09-10 13:44:48.021322+02|16384|test|33|539910943|0|1016147|2857829906|649482219|638685432|108224487|98223501|0|0|1|200417280|0|||0|0|80606443.121|42896240.823|10064308.66|5053|0|0|0|
1595|1662810289.037101|2022-09-10 13:44:49.037101+02|16384|test|33|539974861|0|1016449|2858535051|649610341|638813472|108288401|98287415|0|0|1|200417280|0|||0|0|80638459.356|42917568.947|10070710.257|5055|0|0|0|
1596|1662810290.053211|2022-09-10 13:44:50.053211+02|16384|test|33|540038503|0|1016793|2859237304|649737890|638940960|108352039|98351053|0|0|1|200417280|0|||0|0|80670474.231|42938910.148|10077110.632|5057|0|0|0|
1597|1662810291.067930|2022-09-10 13:44:51.06793+02|16384|test|33|540101909|0|1017399|2859937612|649864960|639067976|108415441|98414455|0|0|1|200417280|0|||0|0|80702490.097|42960254.138|10083507.49|5059|0|0|0|
1598|1662810292.083758|2022-09-10 13:44:52.083758+02|16384|test|33|540160802|0|1017542|2860587403|649983004|639185966|108474330|98473344|0|0|1|200417280|0|||0|0|80734701.1|42982268.152|10089650.398|5061|0|0|0|
1599|1662810293.099217|2022-09-10 13:44:53.099217+02|16384|test|33|540219169|0|1018208|2861232002|650100003|639302904|108532693|98531707|0|0|1|200417280|0|||0|0|80766717.185|43004193.684|10095712.523|5063|0|0|0|
1600|1662810294.114770|2022-09-10 13:44:54.11477+02|16384|test|33|540282809|0|1018633|2861926566|650227553|639430388|108596329|98593385|0|0|1|200417280|0|||0|0|80798734.652|43025534.095|10102118.132|5065|0|0|0|
1601|1662810295.130222|2022-09-10 13:44:55.130222+02|16384|test|33|540346542|0|1018995|2862637722|650355300|639558058|108660058|98659072|0|0|1|200417280|0|||0|0|80830750.453|43046839.766|10108543.446|5067|0|0|0|
1602|1662810296.145626|2022-09-10 13:44:56.145626+02|16384|test|33|540448007|0|1019563|2863757298|650558537|639761192|108761519|98760533|0|0|1|200417280|0|||0|0|80881769.121|43080879.24|10118723.275|5069|0|0|0|
1603|1662810297.160811|2022-09-10 13:44:57.160811+02|16384|test|33|540502099|0|1019829|2864354603|650666985|639869580|108815607|98814621|0|0|1|200417280|0|||0|0|80913784.687|43103109.088|10124598.82|5071|0|0|0|
1604|1662810298.176234|2022-09-10 13:44:58.176234+02|16384|test|33|540565757|0|1020279|2865057964|650794564|639997100|108879261|98878275|0|0|1|200417280|0|||0|0|80945799.037|43124446.863|10131001.672|5073|0|0|0|
1605|1662810299.191370|2022-09-10 13:44:59.19137+02|16384|test|33|540627596|0|1020764|2865732901|650918506|640120982|108941096|98938157|0|0|1|200417280|0|||0|0|80976814.298|43145076.057|10137233.198|5075|0|0|0|
1606|1662810300.207039|2022-09-10 13:45:00.207039+02|16384|test|33|540692408|0|1021190|2866444487|651044545|640246956|109005904|99004918|0|0|1|200417280|0|||0|0|81009830.165|43167075.409|10143849.158|5077|0|0|0|
1607|1662810301.222741|2022-09-10 13:45:01.222741+02|16384|test|33|540756149|0|1021572|2867159533|651176151|640378496|109069641|99068655|0|0|1|200417280|0|||0|0|81041844.321|43188379.936|10150274.464|5079|0|0|0|
1608|1662810302.238487|2022-09-10 13:45:02.238487+02|16384|test|33|540808883|0|1022086|2867741638|651281878|640484168|109122371|99121385|0|0|1|200417280|0|||0|0|81072861.071|43209986.629|10155940.775|5081|0|0|0|
1609|1662810303.254455|2022-09-10 13:45:03.254455+02|16384|test|33|540874490|0|1022430|2868465521|651413376|640615586|109187974|99186988|0|0|1|200417280|0|||0|0|81105881.915|43232015.941|10162527.718|5083|0|0|0|
1610|1662810304.270164|2022-09-10 13:45:04.270164+02|16384|test|33|540938066|0|1022797|2869167511|651540807|640742942|109251546|99250560|0|0|1|200417280|0|||0|0|81137900.145|43253349.643|10168936.598|5085|0|0|0|
1611|1662810305.285087|2022-09-10 13:45:05.285087+02|16384|test|33|540999793|0|1023164|2869849026|651664536|640866600|109313269|99312283|0|0|1|200417280|0|||0|0|81168921.535|43274034.226|10175129.631|5087|0|0|0|
1612|1662810306.300264|2022-09-10 13:45:06.300264+02|16384|test|33|541066385|0|1023568|2870583895|651798013|640999988|109379857|99378871|0|0|1|200417280|0|||0|0|81202379.016|43296295.767|10181850.717|5089|0|0|0|
1613|1662810307.314536|2022-09-10 13:45:07.314536+02|16384|test|33|541120085|0|1024010|2871174780|651905666|641107592|109431730|99432567|0|0|1|200417280|0|||0|0|81233393.048|43317563.293|10187725.745|5091|0|0|0|
1614|1662810308.325501|2022-09-10 13:45:08.325501+02|16384|test|33|541185749|0|1024312|2871900887|652037246|641239124|109499213|99498227|0|0|1|200417280|0|||0|0|81266408.829|43339498.198|10194379.533|5093|0|0|0|
1615|1662810309.336902|2022-09-10 13:45:09.336902+02|16384|test|33|541247423|0|1024758|2872570043|652156946|641358770|109560883|99559897|0|0|1|200417280|0|||0|0|81297425.081|43360114.324|10200618.025|5095|0|0|0|
1616|1662810310.349861|2022-09-10 13:45:10.349861+02|16384|test|33|541312952|0|1025242|2873292951|652288130|641489908|109626408|99625422|0|0|1|200417280|0|||0|0|81330439.896|43382103.967|10207240.848|5097|0|0|0|
1617|1662810311.362929|2022-09-10 13:45:11.362929+02|16384|test|33|541376318|0|1025445|2874004339|652419157|641620874|109689770|99688784|0|0|1|200417280|0|||0|0|81362456.053|43403426.655|10213660.628|5099|0|0|0|
1618|1662810312.376897|2022-09-10 13:45:12.376897+02|16384|test|33|541429880|0|1025991|2874596126|652526543|641728202|109743328|99742342|0|0|1|200417280|0|||0|0|81394471.402|43425644.636|10219566.462|5101|0|0|0|
1619|1662810313.391059|2022-09-10 13:45:13.391059+02|16384|test|33|541488785|0|1026595|2875246417|652644610|641846216|109802229|99801243|0|0|1|200417280|0|||0|0|81426485.968|43447704.896|10225535.817|5103|0|0|0|
1620|1662810314.406729|2022-09-10 13:45:14.406729+02|16384|test|33|541551997|0|1026595|2875943238|652771300|641972844|109865437|99864451|0|0|1|200417280|0|||0|0|81458502.34|43469040.963|10231952.905|5105|0|0|0|
1621|1662810315.421889|2022-09-10 13:45:15.421889+02|16384|test|33|541614985|0|1026979|2876638424|652897555|642099024|109928421|99927435|0|0|1|200417280|0|||0|0|81490517.906|43490434.423|10238328.63|5107|0|0|0|
1622|1662810316.436333|2022-09-10 13:45:16.436333+02|16384|test|33|541677956|0|1027447|2877334025|653023757|642225170|109991388|99990402|0|0|1|200417280|0|||0|0|81522537.778|43511810.8|10244720.707|5109|0|0|0|
1623|1662810317.451875|2022-09-10 13:45:17.451875+02|16384|test|33|541731631|0|1027791|2877924894|653131366|642332724|110043393|100044073|0|0|1|200417280|0|||0|0|81554554.588|43534450.853|10250377.008|5111|0|0|0|
1624|1662810318.467286|2022-09-10 13:45:18.467286+02|16384|test|33|541792920|0|1028113|2878594836|653254207|642455506|110106344|100103394|0|0|1|200417280|0|||0|0|81585993.997|43555511.917|10256597.003|5113|0|0|0|
1625|1662810319.482252|2022-09-10 13:45:19.482252+02|16384|test|33|541856408|0|1028438|2879295363|653381443|642582686|110169828|100166826|0|0|1|200417280|0|||0|0|81620190.205|43579044.037|10262988.333|5115|0|0|0|
1626|1662810320.497848|2022-09-10 13:45:20.497848+02|16384|test|33|541915758|0|1028841|2879924043|653488939|642690132|110229174|100228188|0|0|1|200417280|0|||0|0|81653820.263|43602709.164|10268959.962|5117|0|0|0|
1627|1662810321.513358|2022-09-10 13:45:21.513358+02|16384|test|33|541982739|0|1029326|2880685380|653630535|642831666|110296151|100295165|0|0|1|200417280|0|||0|0|81687789.833|43625389.508|10275724.741|5119|0|0|0|
1628|1662810322.528777|2022-09-10 13:45:22.528777+02|16384|test|33|542036157|0|1029551|2881273949|653737629|642938706|110347769|100348579|0|0|1|200417280|0|||0|0|81717804.447|43645732.386|10281582.727|5121|0|0|0|
1629|1662810323.543579|2022-09-10 13:45:23.543579+02|16384|test|33|542102480|0|1030121|2882020433|653874635|643075646|110415884|100414898|0|0|1|200417280|0|||0|0|81751821.346|43668455.259|10288352.927|5123|0|0|0|
1630|1662810324.558469|2022-09-10 13:45:24.558469+02|16384|test|33|542164174|0|1030407|2882701429|653998282|643199238|110477574|100476588|0|0|1|200417280|0|||0|0|81782837.378|43689157.918|10294527.013|5125|0|0|0|
1631|1662810325.573538|2022-09-10 13:45:25.573538+02|16384|test|33|542229469|0|1030912|2883412366|654129133|643330032|110540873|100539941|0|0|1|200417280|0|||0|0|81815853.545|43711261.006|10301061.684|5127|0|0|0|
1632|1662810326.588095|2022-09-10 13:45:26.588095+02|16384|test|33|542293012|0|1031234|2884121110|654256484|643457322|110604442|100605418|0|0|1|200417280|0|||0|0|81847870.021|43732590.286|10307475.488|5129|0|0|0|
1633|1662810327.602780|2022-09-10 13:45:27.60278+02|16384|test|33|542345518|0|1031864|2884693608|654358333|643559132|110658906|100657920|0|0|1|200417280|0|||0|0|81878885.556|43754205.683|10313141.911|5131|0|0|0|
1634|1662810328.617801|2022-09-10 13:45:28.617801+02|16384|test|33|542409401|0|1032086|2885408509|654489783|643690508|110722785|100721799|0|0|1|200417280|0|||0|0|81911902.186|43776329.007|10319690.899|5133|0|0|0|
1635|1662810329.632987|2022-09-10 13:45:29.632987+02|16384|test|33|542473003|0|1032450|2886110364|654617237|643817916|110786383|100785397|0|0|1|200417280|0|||0|0|81943917.108|43797652.876|10326104.001|5135|0|0|0|
1636|1662810330.648814|2022-09-10 13:45:30.648814+02|16384|test|33|542536538|0|1032756|2886811411|654744559|643945190|110849914|100848928|0|0|1|200417280|0|||0|0|81975932.711|43818976.682|10332516.596|5137|0|0|0|
1637|1662810331.664125|2022-09-10 13:45:31.664125+02|16384|test|33|542598113|0|1033382|2887489388|654867982|644068544|110909442|100910499|0|0|1|200417280|0|||0|0|82006947.051|43839675.645|10338701.283|5139|0|0|0|
1638|1662810332.679597|2022-09-10 13:45:32.679597+02|16384|test|33|542657109|0|1033625|2888131779|654982630|644183148|110970477|100969491|0|0|1|200417280|0|||0|0|82039969.29|43862174.958|10345034.374|5141|0|0|0|
1639|1662810333.695336|2022-09-10 13:45:33.695336+02|16384|test|33|542716177|0|1033907|2888794189|655104604|644305080|111029541|101028555|0|0|1|200417280|0|||0|0|82071983.347|43883900.911|10351244.342|5143|0|0|0|
1640|1662810334.710383|2022-09-10 13:45:34.710383+02|16384|test|33|542779827|0|1034371|2889496703|655232167|644432584|111093187|101092201|0|0|1|200417280|0|||0|0|82103998.204|43905258.505|10357632.062|5145|0|0|0|
1641|1662810335.725652|2022-09-10 13:45:35.725652+02|16384|test|33|542843299|0|1034997|2890197757|655359373|644559732|111156655|101155669|0|0|1|200417280|0|||0|0|82136011.756|43926622.207|10364013.854|5147|0|0|0|
1642|1662810336.741229|2022-09-10 13:45:36.741229+02|16384|test|33|542906828|0|1035223|2890898964|655486690|644686994|111220180|101219194|0|0|1|200417280|0|||0|0|82168025.615|43947908.173|10370460.248|5149|0|0|0|
1643|1662810337.755786|2022-09-10 13:45:37.755786+02|16384|test|33|542965330|0|1035910|2891516880|655600226|644800478|111276816|101273838|0|0|1|200417280|0|||0|0|82199944.702|43969517.813|10376665.788|5151|0|0|0|
1644|1662810338.771574|2022-09-10 13:45:38.771574+02|16384|test|33|543023388|0|1035910|2892185298|655720327|644920522|111336732|101335746|0|0|1|200417280|0|||0|0|82231991.083|43991336.413|10382850.179|5153|0|0|0|
1645|1662810339.786641|2022-09-10 13:45:39.786641+02|16384|test|33|543089979|0|1036574|2892920450|655853773|645053908|111403319|101402333|0|0|1|200417280|0|||0|0|82265753.171|44013880.535|10389584.562|5155|0|0|0|
1646|1662810340.801675|2022-09-10 13:45:40.801675+02|16384|test|33|543155110|0|1036696|2893607989|655980137|645180216|111466389|101463416|0|0|1|200417280|0|||0|0|82298497.959|44035683.936|10396144.252|5157|0|0|0|
1647|1662810341.816802|2022-09-10 13:45:41.816802+02|16384|test|34|543218191|0|1037163|2894320967|656106677|645306690|111529466|101530537|0|0|1|200417280|0|||0|0|82330099.462|44056690.368|10402499.143|5159|0|0|0|
1648|1662810342.831791|2022-09-10 13:45:42.831791+02|16384|test|33|543280865|0|1037756|2895062468|656239004|645436795|111590220|101593207|0|0|1|200417280|0|||0|0|82363609.313|44079583.313|10408869.995|5161|0|0|0|
1649|1662810343.847527|2022-09-10 13:45:43.847527+02|16384|test|33|543346561|0|1038399|2895792203|656370773|645568426|111659881|101658899|0|0|1|200417280|0|||0|0|82397792.736|44102345.197|10415743.226|5163|0|0|0|
1650|1662810344.862517|2022-09-10 13:45:44.862517+02|16384|test|33|543410451|0|1038399|2896496395|656498833|645696410|111723767|101722785|0|0|1|200417280|0|||0|0|82429807.863|44123616.45|10422189.869|5165|0|0|0|
1651|1662810345.877867|2022-09-10 13:45:45.877867+02|16384|test|33|543474006|0|1038806|2897198134|656626229|645823724|111787318|101786336|0|0|1|200417280|0|||0|0|82461824.102|44144954.191|10428596.482|5167|0|0|0|
1652|1662810346.893063|2022-09-10 13:45:46.893063+02|16384|test|33|543537323|0|1039354|2897897675|656753131|645950562|111850631|101849649|0|0|1|200417280|0|||0|0|82493841.908|44166302.723|10434995.163|5169|0|0|0|
1653|1662810347.908224|2022-09-10 13:45:47.908224+02|16384|test|33|543600995|0|1039758|2898600380|656880746|646078110|111914299|101913317|0|0|1|200417280|0|||0|0|82525856.682|44187655.39|10441384.722|5171|0|0|0|
1654|1662810348.923244|2022-09-10 13:45:48.923244+02|16384|test|33|543654081|0|1040162|2899186482|656987165|646184486|111967381|101966399|0|0|1|200417280|0|||0|0|82557872.372|44210076.764|10447143.376|5173|0|0|0|
1655|1662810349.938769|2022-09-10 13:45:49.938769+02|16384|test|33|543715965|0|1040344|2899869016|657111207|646308458|112029261|102028279|0|0|1|200417280|0|||0|0|82588888.166|44230733.089|10453352.199|5175|0|0|0|
1656|1662810350.954112|2022-09-10 13:45:50.954112+02|16384|test|33|543779249|0|1040687|2900567464|657238044|646435230|112092541|102091559|0|0|1|200417280|0|||0|0|82620904.406|44252156.107|10459702.052|5177|0|0|0|
1657|1662810351.969490|2022-09-10 13:45:51.96949+02|16384|test|33|543844680|0|1041290|2901289514|657369178|646566296|112157968|102156986|0|0|1|200417280|0|||0|0|82653919.204|44274181.408|10466289.408|5179|0|0|0|
1658|1662810352.984407|2022-09-10 13:45:52.984407+02|16384|test|33|543908213|0|1041695|2901990955|657496509|646693566|112221497|102220515|0|0|1|200417280|0|||0|0|82685933.431|44295541.18|10472680.864|5181|0|0|0|
1659|1662810353.996762|2022-09-10 13:45:53.996762+02|16384|test|33|543961359|0|1042117|2902577547|657603059|646800062|112274639|102273657|0|0|1|200417280|0|||0|0|82717946.555|44317851.994|10478549.848|5183|0|0|0|
1660|1662810355.011047|2022-09-10 13:45:55.011047+02|16384|test|33|544025106|0|1042301|2903280875|657730822|646927760|112338382|102337400|0|0|1|200417280|0|||0|0|82749962.715|44339187.842|10484946.513|5185|0|0|0|
1661|1662810356.026990|2022-09-10 13:45:56.02699+02|16384|test|33|544088789|0|1042747|2903983991|657858455|647055330|112402061|102401079|0|0|1|200417280|0|||0|0|82781978.745|44360551.413|10491330.893|5187|0|0|0|
1662|1662810357.042455|2022-09-10 13:45:57.042455+02|16384|test|33|544151351|0|1043091|2904674522|657983844|647180658|112464619|102463637|0|0|1|200417280|0|||0|0|82813993.741|44381860.99|10497768.343|5189|0|0|0|
1663|1662810358.057309|2022-09-10 13:45:58.057309+02|16384|test|33|544214880|0|1043517|2905375886|658111164|647307920|112528144|102527162|0|0|1|200417280|0|||0|0|82846009.577|44403218.972|10504152.433|5191|0|0|0|
1664|1662810359.072347|2022-09-10 13:45:59.072347+02|16384|test|33|544267068|0|1043921|2905935756|658212561|647409266|112580328|102577674|0|0|1|200417280|0|||0|0|82878025.187|44425792.524|10509842.67|5193|0|0|0|
1665|1662810360.087491|2022-09-10 13:46:00.087491+02|16384|test|33|544330704|0|1044287|2906642824|658339364|647536016|112643960|102642978|0|0|1|200417280|0|||0|0|82910040.605|44447157.274|10516224.599|5195|0|0|0|
1666|1662810361.102945|2022-09-10 13:46:01.102945+02|16384|test|33|544394456|0|1044751|2907358421|658471097|647667684|112707708|102706726|0|0|1|200417280|0|||0|0|82942058.662|44468523.838|10522604.78|5197|0|0|0|
1667|1662810362.118098|2022-09-10 13:46:02.118098+02|16384|test|33|544456058|0|1045157|2908038539|658594557|647791092|112769306|102768324|0|0|1|200417280|0|||0|0|82973075.631|44489220.844|10528790.783|5199|0|0|0|
1668|1662810363.132996|2022-09-10 13:46:03.132996+02|16384|test|33|544514382|0|1045283|2908670250|658707451|647903932|112827626|102826644|0|0|1|200417280|0|||0|0|83002348.081|44508750.343|10534630.109|5201|0|0|0|
1669|1662810364.147620|2022-09-10 13:46:04.14762+02|16384|test|33|544575666|0|1046052|2909331434|658830816|648027244|112885393|102884427|0|0|1|200417280|0|||0|0|83036388.125|44531755.175|10541271.993|5203|0|0|0|
1670|1662810365.162831|2022-09-10 13:46:05.162831+02|16384|test|33|544642875|0|1046376|2910089206|658965012|648161378|112956111|102955129|0|0|1|200417280|0|||0|0|83070404.166|44554418.179|10548096.08|5205|0|0|0|
1671|1662810366.178016|2022-09-10 13:46:06.178016+02|16384|test|33|544705870|0|1046738|2910794077|659095219|648291532|113017181|103018120|0|0|1|200417280|0|||0|0|83102420.06|44575753.072|10554508.645|5207|0|0|0|
1672|1662810367.193657|2022-09-10 13:46:07.193657+02|16384|test|33|544769200|0|1047302|2911493042|659222131|648418396|113080394|103081446|0|0|1|200417280|0|||0|0|83134435.657|44597114.14|10560902.436|5209|0|0|0|
1673|1662810368.209500|2022-09-10 13:46:08.2095+02|16384|test|33|544833010|0|1047506|2912199147|659350009|648546220|113146234|103145252|0|0|1|200417280|0|||0|0|83166452.905|44618432.806|10567310.583|5211|0|0|0|
1674|1662810369.224025|2022-09-10 13:46:09.224025+02|16384|test|33|544884859|0|1048070|2912771764|659453958|648650122|113198079|103197097|0|0|1|200417280|0|||0|0|83198471.297|44640877.816|10573094.437|5213|0|0|0|
1675|1662810370.239109|2022-09-10 13:46:10.239109+02|16384|test|33|544948515|0|1048252|2913473807|659581529|648777638|113261731|103260749|0|0|1|200417280|0|||0|0|83230487.565|44662190.702|10579513.125|5215|0|0|0|
1676|1662810371.254989|2022-09-10 13:46:11.254989+02|16384|test|33|545012098|0|1048696|2914175573|659708953|648905008|113325310|103324328|0|0|1|200417280|0|||0|0|83262505.067|44683545.185|10585908.715|5217|0|0|0|
1677|1662810372.270717|2022-09-10 13:46:12.270717+02|16384|test|33|545075261|0|1049360|2914872972|659835531|649031538|113388469|103387487|0|0|1|200417280|0|||0|0|83294521.106|44704965.118|10592265.181|5219|0|0|0|
1678|1662810373.285346|2022-09-10 13:46:13.285346+02|16384|test|33|545138901|0|1049582|2915574862|659963064|649159022|113452105|103451123|0|0|1|200417280|0|||0|0|83326537.558|44726306.832|10598661.94|5221|0|0|0|
1679|1662810374.300238|2022-09-10 13:46:14.300238+02|16384|test|33|545189523|0|1049785|2916127147|660064554|649260470|113502723|103500134|0|0|1|200417280|0|||0|0|83357551.72|44747864.992|10604385.028|5223|0|0|0|
1680|1662810375.316173|2022-09-10 13:46:15.316173+02|16384|test|33|545252547|0|1050253|2916829676|660190852|649386722|113565743|103564761|0|0|1|200417280|0|||0|0|83389566.695|44769195.916|10610798.7|5225|0|0|0|
1681|1662810376.331965|2022-09-10 13:46:16.331965+02|16384|test|33|545318180|0|1050577|2917554007|660322384|649518192|113631372|103630390|0|0|1|200417280|0|||0|0|83422583.276|44791201.197|10617403.641|5227|0|0|0|
1682|1662810377.347660|2022-09-10 13:46:17.34766+02|16384|test|33|545379766|0|1051061|2918231735|660445806|649641568|113690960|103691972|0|0|1|200417280|0|||0|0|83453599.322|44811907.835|10623575.648|5229|0|0|0|
1683|1662810378.361498|2022-09-10 13:46:18.361498+02|16384|test|33|545445019|0|1051467|2918953959|660576576|649772278|113758203|103757221|0|0|1|200417280|0|||0|0|83486614.879|44833986.01|10630123.702|5231|0|0|0|
1684|1662810379.375907|2022-09-10 13:46:19.375907+02|16384|test|33|545500111|0|1051871|2919562183|660687025|649882666|113813291|103812309|0|0|1|200417280|0|||0|0|83518630.64|44856137.819|10636038.729|5233|0|0|0|
1685|1662810380.391399|2022-09-10 13:46:20.391399+02|16384|test|33|545562910|0|1052333|2920255076|660812874|650008468|113876086|103875104|0|0|1|200417280|0|||0|0|83550646.243|44877375.991|10642495.008|5235|0|0|0|
1686|1662810381.406920|2022-09-10 13:46:21.40692+02|16384|test|33|545630389|0|1052537|2920999514|660948100|650143630|113943561|103942579|0|0|1|200417280|0|||0|0|83582664.51|44897913.019|10649419.678|5237|0|0|0|
1687|1662810382.422796|2022-09-10 13:46:22.422796+02|16384|test|33|545697490|0|1053145|2921740715|661082567|650278036|114010658|104009676|0|0|1|200417280|0|||0|0|83614681.493|44918519.913|10656303.043|5239|0|0|0|
1688|1662810383.437358|2022-09-10 13:46:23.437358+02|16384|test|33|545826260|0|1053936|2923161892|661340410|650535780|114139424|104138442|0|0|1|200417280|0|||0|0|83678708.048|44960266.259|10669738.755|5241|0|0|0|
1689|1662810384.452330|2022-09-10 13:46:24.45233+02|16384|test|33|545888724|0|1054298|2923850980|661465589|650660912|114201884|104200902|0|0|1|200417280|0|||0|0|83709723.766|44980495.898|10676245.764|5243|0|0|0|
1690|1662810385.467729|2022-09-10 13:46:25.467729+02|16384|test|33|545956253|0|1054642|2924587711|661600897|650796174|114269409|104266326|0|0|1|200417280|0|||0|0|83741739.085|45001042.243|10683154.427|5245|0|0|0|
1691|1662810386.482708|2022-09-10 13:46:26.482708+02|16384|test|33|546025521|0|1055170|2925361087|661739680|650934914|114338673|104337691|0|0|1|200417280|0|||0|0|83774753.475|45022227.717|10690302.672|5247|0|0|0|
1692|1662810387.497651|2022-09-10 13:46:27.497651+02|16384|test|33|546092821|0|1055574|2926103708|661874529|651069718|114405969|104404987|0|0|1|200417280|0|||0|0|83806772.014|45042737.973|10697262.524|5249|0|0|0|
1693|1662810388.513241|2022-09-10 13:46:28.513241+02|16384|test|33|546158117|0|1055958|2926812196|662001345|651196486|114471261|104470279|0|0|1|200417280|0|||0|0|83840049.528|45064538.813|10704179.859|5251|0|0|0|
1694|1662810389.528651|2022-09-10 13:46:29.528651+02|16384|test|33|546220683|0|1056404|2927507395|662130761|651325850|114533823|104530903|0|0|1|200417280|0|||0|0|83872064.812|45085575.826|10710821.229|5253|0|0|0|
1695|1662810390.544153|2022-09-10 13:46:30.544153+02|16384|test|33|546287959|0|1056766|2928257233|662265577|651460606|114601095|104600113|0|0|1|200417280|0|||0|0|83904080.615|45106112.112|10717752.457|5255|0|0|0|
1696|1662810391.559408|2022-09-10 13:46:31.559408+02|16384|test|33|546354830|0|1057510|2928995570|662399568|651594552|114667962|104666980|0|0|1|200417280|0|||0|0|83936096.218|45126705.014|10724649.258|5257|0|0|0|
1697|1662810392.574628|2022-09-10 13:46:32.574628+02|16384|test|33|546422255|0|1057612|2929738985|662534656|651729606|114735383|104734401|0|0|1|200417280|0|||0|0|83968114.162|45147180.907|10731624.468|5259|0|0|0|
1698|1662810393.589261|2022-09-10 13:46:33.589261+02|16384|test|33|546489237|0|1058057|2930465582|662664572|651859480|114802361|104801379|0|0|1|200417280|0|||0|0|84000128.729|45167706.358|10738569.678|5261|0|0|0|
1699|1662810394.603666|2022-09-10 13:46:34.603666+02|16384|test|33|546547230|0|1058526|2931119184|662785105|651979964|114860350|104859368|0|0|1|200417280|0|||0|0|84032143.419|45189250.929|10744865.374|5263|0|0|0|
1700|1662810395.618951|2022-09-10 13:46:35.618951+02|16384|test|33|546614341|0|1058848|2931851000|662919572|652114390|114927457|104924369|0|0|1|200417280|0|||0|0|84064161.346|45209828.557|10751768.949|5265|0|0|0|
1701|1662810396.634241|2022-09-10 13:46:36.634241+02|16384|test|33|546681067|0|1059372|2932595900|663053274|652248046|114994179|104993197|0|0|1|200417280|0|||0|0|84096175.043|45230447.353|10758644.763|5267|0|0|0|
1702|1662810397.649781|2022-09-10 13:46:37.649781+02|16384|test|33|546748184|0|1059634|2933321205|663183484|652378194|115059203|105060310|0|0|1|200417280|0|||0|0|84128191.99|45250916.717|10765633.745|5269|0|0|0|
1703|1662810398.665439|2022-09-10 13:46:38.665439+02|16384|test|33|546814596|0|1060118|2934069165|663320862|652515512|115127700|105126718|0|0|1|200417280|0|||0|0|84160206.828|45271481.182|10772553.396|5271|0|0|0|
1704|1662810399.680647|2022-09-10 13:46:39.680647+02|16384|test|33|546872862|0|1060564|2934712574|663437642|652632248|115185962|105184980|0|0|1|200417280|0|||0|0|84192220.394|45293078.404|10778857.57|5273|0|0|0|
1705|1662810400.696213|2022-09-10 13:46:40.696213+02|16384|test|33|546940286|0|1061110|2935457006|663572741|652767300|115253382|105252400|0|0|1|200417280|0|||0|0|84224236.049|45313592.864|10785804.449|5275|0|0|0|
1706|1662810401.711690|2022-09-10 13:46:41.71169+02|16384|test|34|547005550|0|1061312|2936174612|663703518|652898032|115316525|105317660|0|0|1|200417280|0|||0|0|84255251.493|45333452.611|10792548.893|5277|0|0|0|
1707|1662810402.727300|2022-09-10 13:46:42.7273+02|16384|test|33|547074179|0|1061800|2936975238|663844020|653036032|115387263|105386285|0|0|1|200417280|0|||0|0|84288267.354|45354666.498|10799668.32|5279|0|0|0|
1708|1662810403.742050|2022-09-10 13:46:43.74205+02|16384|test|33|547141327|0|1062247|2937716856|663978591|653170532|115454407|105453429|0|0|1|200417280|0|||0|0|84320284.188|45375222.342|10806588.709|5281|0|0|0|
1709|1662810404.757925|2022-09-10 13:46:44.757925+02|16384|test|33|547199228|0|1062831|2938356209|664094654|653286538|115512304|105511326|0|0|1|200417280|0|||0|0|84352300.782|45396800.831|10812879.516|5283|0|0|0|
1710|1662810405.773593|2022-09-10 13:46:45.773593+02|16384|test|33|547266447|0|1063255|2939098021|664229359|653421180|115579519|105578541|0|0|1|200417280|0|||0|0|84384318.295|45417289.51|10819847.123|5285|0|0|0|
1711|1662810406.789255|2022-09-10 13:46:46.789255+02|16384|test|33|547333376|0|1063657|2939826001|664363478|653555242|115644342|105643420|0|0|1|200417280|0|||0|0|84416333.824|45437870.463|10826754.219|5287|0|0|0|
1712|1662810407.804373|2022-09-10 13:46:47.804373+02|16384|test|33|547400092|0|1064079|2940572401|664497181|653688878|115713156|105712178|0|0|1|200417280|0|||0|0|84448349.524|45458499.779|10833629.924|5289|0|0|0|
1713|1662810408.819478|2022-09-10 13:46:48.819478+02|16384|test|33|547467249|0|1064341|2941313098|664631757|653823396|115780309|105779331|0|0|1|200417280|0|||0|0|84480364.661|45479013.467|10840579.981|5291|0|0|0|
1714|1662810409.834564|2022-09-10 13:46:49.834564+02|16384|test|33|547525305|0|1064627|2941954084|664748114|653939712|115838361|105837383|0|0|1|200417280|0|||0|0|84512381.198|45500442.551|10846975.62|5293|0|0|0|
1715|1662810410.850278|2022-09-10 13:46:50.850278+02|16384|test|33|547592728|0|1065053|2942698421|664883227|654074762|115905780|105904802|0|0|1|200417280|0|||0|0|84544398.73|45520940.476|10853934.703|5295|0|0|0|
1716|1662810411.865551|2022-09-10 13:46:51.865551+02|16384|test|33|547659983|0|1065581|2943441187|665017989|654209476|115973031|105972053|0|0|1|200417280|0|||0|0|84576415.215|45541438.288|10860897.928|5297|0|0|0|
1717|1662810412.881347|2022-09-10 13:46:52.881347+02|16384|test|33|547727132|0|1066126|2944182437|665152560|654343978|116040176|106039198|0|0|1|200417280|0|||0|0|84608428.57|45562034.605|10867778.475|5299|0|0|0|
1718|1662810413.897246|2022-09-10 13:46:53.897246+02|16384|test|33|547794114|0|1066641|2944909430|665282684|654474028|116107154|106106176|0|0|1|200417280|0|||0|0|84640443.714|45582596.589|10874698.862|5301|0|0|0|
1719|1662810414.912706|2022-09-10 13:46:54.912706+02|16384|test|33|547852540|0|1067043|2945566453|665403909|654595202|116165576|106164598|0|0|1|200417280|0|||0|0|84672461.308|45604182.105|10880999.854|5303|0|0|0|
1720|1662810415.928462|2022-09-10 13:46:55.928462+02|16384|test|33|547919833|0|1067225|2946308559|665538754|654729992|116232865|106231887|0|0|1|200417280|0|||0|0|84704480.029|45624689.293|10887954.387|5305|0|0|0|
1721|1662810416.944072|2022-09-10 13:46:56.944072+02|16384|test|33|547986914|0|1067629|2947048850|665673188|654864358|116299942|106298964|0|0|1|200417280|0|||0|0|84736492.665|45645211.229|10894903.042|5307|0|0|0|
1722|1662810417.959085|2022-09-10 13:46:57.959085+02|16384|test|33|548053931|0|1068153|2947788544|665807483|654998596|116366955|106365977|0|0|1|200417280|0|||0|0|84768509.761|45665775.639|10901812.568|5309|0|0|0|
1723|1662810418.974622|2022-09-10 13:46:58.974622+02|16384|test|33|548121167|0|1068539|2948530704|665942207|655133272|116434187|106433209|0|0|1|200417280|0|||0|0|84800528.037|45686329.628|10908726.898|5311|0|0|0|
1724|1662810419.990095|2022-09-10 13:46:59.990095+02|16384|test|33|548179741|0|1068781|2949176848|666059612|655250624|116492757|106491779|0|0|1|200417280|0|||0|0|84832543.231|45707752.494|10915140.712|5313|0|0|0|
1725|1662810421.005594|2022-09-10 13:47:01.005594+02|16384|test|33|548246535|0|1069295|2949913784|666193457|655384416|116559547|106558569|0|0|1|200417280|0|||0|0|84864558.076|45728364.383|10922020.339|5315|0|0|0|
1726|1662810422.021057|2022-09-10 13:47:02.021057+02|16384|test|33|548313024|0|1069701|2950647814|666326690|655517598|116626032|106625054|0|0|1|200417280|0|||0|0|84896578.334|45748876.127|10928977.271|5317|0|0|0|
1727|1662810423.037038|2022-09-10 13:47:03.037038+02|16384|test|33|548379408|0|1070228|2951380940|666459716|655650570|116692412|106691434|0|0|1|200417280|0|||0|0|84928596.714|45769459.814|10935887.459|5319|0|0|0|
1728|1662810424.052245|2022-09-10 13:47:04.052245+02|16384|test|33|548446614|0|1070613|2952122733|666594378|655785186|116759614|106758636|0|0|1|200417280|0|||0|0|84960629.909|45789978.631|10942847.674|5321|0|0|0|
1729|1662810425.067706|2022-09-10 13:47:05.067706+02|16384|test|33|548505336|0|1070878|2952770850|666712076|655902834|116818332|106817354|0|0|1|200417280|0|||0|0|84992650.898|45811359.466|10949285.925|5323|0|0|0|
1730|1662810426.082704|2022-09-10 13:47:06.082704+02|16384|test|33|548572163|0|1071326|2953508830|666845986|656036692|116885155|106884177|0|0|1|200417280|0|||0|0|85024668.028|45831934.542|10956180.994|5325|0|0|0|
1731|1662810427.097449|2022-09-10 13:47:07.097449+02|16384|test|33|548639464|0|1071770|2954251595|666980853|656171498|116952452|106951474|0|0|1|200417280|0|||0|0|85056683.475|45852485.032|10963098.701|5327|0|0|0|
1732|1662810428.112585|2022-09-10 13:47:08.112585+02|16384|test|33|548706493|0|1072194|2954989040|667115157|656305760|117017336|107018499|0|0|1|200417280|0|||0|0|85088698.11|45872992.67|10970055.127|5329|0|0|0|
1733|1662810429.126826|2022-09-10 13:47:09.126826+02|16384|test|33|548773455|0|1072718|2955730331|667249322|656439888|117086435|107085457|0|0|1|200417280|0|||0|0|85120712.062|45893541.544|10976980.598|5331|0|0|0|
1734|1662810430.141964|2022-09-10 13:47:10.141964+02|16384|test|33|548835030|0|1073100|2956409691|667372734|656563242|117148006|107147028|0|0|1|200417280|0|||0|0|85152733.425|45914601.567|10983617.547|5333|0|0|0|
1735|1662810431.157744|2022-09-10 13:47:11.157744+02|16384|test|33|548898558|0|1073402|2957110429|667500042|656690502|117211530|107210552|0|0|1|200417280|0|||0|0|85184749.977|45935502.438|10990339.674|5335|0|0|0|
1736|1662810432.173517|2022-09-10 13:47:12.173517+02|16384|test|33|548965034|0|1074028|2957844534|667633238|656823658|117278002|107277024|0|0|1|200417280|0|||0|0|85216765.105|45956021.81|10997304.395|5337|0|0|0|
1737|1662810433.188794|2022-09-10 13:47:13.188794+02|16384|test|33|549032071|0|1074271|2958584193|667767572|656957936|117345035|107344057|0|0|1|200417280|0|||0|0|85248780.695|45976541.289|11004256.062|5339|0|0|0|
1738|1662810434.204301|2022-09-10 13:47:14.204301+02|16384|test|33|549099195|0|1074815|2959325010|667902065|657092388|117412155|107411177|0|0|1|200417280|0|||0|0|85280795.657|45997081.067|11011181.856|5341|0|0|0|
1739|1662810435.219616|2022-09-10 13:47:15.219616+02|16384|test|33|549165453|0|1075420|2960056428|668034844|657225108|117478409|107477431|0|0|1|200417280|0|||0|0|85312846.583|46017620.24|11018141.811|5343|0|0|0|
1740|1662810436.234748|2022-09-10 13:47:16.234748+02|16384|test|33|549224945|0|1075542|2960712538|668154074|657344296|117537897|107536919|0|0|1|200417280|0|||0|0|85344862.864|46039127.588|11024492.968|5345|0|0|0|
1741|1662810437.250421|2022-09-10 13:47:17.250421+02|16384|test|33|549292295|0|1075884|2961455393|668289029|657479200|117605243|107604265|0|0|1|200417280|0|||0|0|85376879.079|46059645.627|11031434.614|5347|0|0|0|
1742|1662810438.265861|2022-09-10 13:47:18.265861+02|16384|test|33|549359263|0|1076393|2962195049|668423215|657613340|117672207|107671229|0|0|1|200417280|0|||0|0|85408893.449|46080214.356|11038351.677|5349|0|0|0|
1743|1662810439.281402|2022-09-10 13:47:19.281402+02|16384|test|33|549426524|0|1076760|2962937442|668557986|657748066|117739464|107738486|0|0|1|200417280|0|||0|0|85440909.961|46100671.892|11045349.048|5351|0|0|0|
1744|1662810440.297103|2022-09-10 13:47:20.297103+02|16384|test|33|549493327|0|1077304|2963674792|668691843|657881876|117806263|107805285|0|0|1|200417280|0|||0|0|85472926.365|46121217.261|11052291.48|5353|0|0|0|
1745|1662810441.312199|2022-09-10 13:47:21.312199+02|16384|test|33|549552079|0|1077586|2964322909|668809592|657999584|117865011|107864033|0|0|1|200417280|0|||0|0|85504941.744|46142655.572|11058643.077|5355|0|0|0|
1746|1662810442.327671|2022-09-10 13:47:22.327671+02|16384|test|33|549619403|0|1078132|2965066268|668944490|658134436|117932331|107931353|0|0|1|200417280|0|||0|0|85536957.245|46163187.849|11065578.732|5357|0|0|0|
1747|1662810443.343379|2022-09-10 13:47:23.343379+02|16384|test|33|549686485|0|1078575|2965806499|669078900|658268804|117999409|107998431|0|0|1|200417280|0|||0|0|85568972.66|46183732.918|11072505.335|5359|0|0|0|
1748|1662810444.358336|2022-09-10 13:47:24.358336+02|16384|test|33|549753798|0|1078981|2966549647|669213781|658403634|118066718|108065740|0|0|1|200417280|0|||0|0|85600988.067|46204229.622|11079454.132|5361|0|0|0|
1749|1662810445.372859|2022-09-10 13:47:25.372859+02|16384|test|33|549820864|0|1079285|2967289574|669348162|658537970|118133780|108132802|0|0|1|200417280|0|||0|0|85633003.482|46224738.795|11086407.579|5363|0|0|0|
1750|1662810446.388527|2022-09-10 13:47:26.388527+02|16384|test|33|549879583|0|1079629|2967937653|669465839|658655612|118192495|108191517|0|0|1|200417280|0|||0|0|85665019.253|46246280.951|11092745.581|5365|0|0|0|
1751|1662810447.403525|2022-09-10 13:47:27.403525+02|16384|test|33|549946747|0|1080093|2968678915|669600420|658790144|118259655|108258677|0|0|1|200417280|0|||0|0|85697036.238|46266848.51|11099649.314|5367|0|0|0|
1752|1662810448.419425|2022-09-10 13:47:28.419425+02|16384|test|33|550013620|0|1080597|2969417020|669734421|658924094|118326524|108325546|0|0|1|200417280|0|||0|0|85729052.777|46287409.709|11106566.451|5369|0|0|0|
1753|1662810449.434764|2022-09-10 13:47:29.434764+02|16384|test|33|550080840|0|1080983|2970158987|669869107|659058738|118393740|108392762|0|0|1|200417280|0|||0|0|85761068.203|46307886.19|11113548.307|5371|0|0|0|
1754|1662810450.450237|2022-09-10 13:47:30.450237+02|16384|test|33|550147804|0|1081325|2970897590|670003286|659192870|118460700|108459722|0|0|1|200417280|0|||0|0|85793084.399|46328468.645|11120448.937|5373|0|0|0|
1755|1662810451.464965|2022-09-10 13:47:31.464965+02|16384|test|33|550205683|0|1081707|2971536199|670119289|659308832|118518575|108517597|0|0|1|200417280|0|||0|0|85825100.038|46349888.879|11126929.497|5375|0|0|0|
1756|1662810452.480505|2022-09-10 13:47:32.480505+02|16384|test|33|550273077|0|1082109|2972279687|670254332|659443824|118585965|108584987|0|0|1|200417280|0|||0|0|85857116.137|46370415.618|11133863.433|5377|0|0|0|
1757|1662810453.496098|2022-09-10 13:47:33.496098+02|16384|test|33|550407411|0|1083040|2973762247|670523291|659712696|118720295|108719317|0|0|1|200417280|0|||0|0|85921140.923|46411495.924|11147717.522|5379|0|0|0|
1758|1662810454.512070|2022-09-10 13:47:34.51207+02|16384|test|33|550473845|0|1083484|2974495385|670656400|659845768|118786725|108785747|0|0|1|200417280|0|||0|0|85953157.52|46432032.317|11154659.93|5381|0|0|0|
1759|1662810455.527046|2022-09-10 13:47:35.527046+02|16384|test|33|550531967|0|1083768|2975136842|670772887|659962216|118844843|108843865|0|0|1|200417280|0|||0|0|85985173.603|46453535.372|11160997.807|5383|0|0|0|
1760|1662810456.542781|2022-09-10 13:47:36.542781+02|16384|test|33|550599035|0|1084252|2975877023|670907266|660096556|118911907|108910929|0|0|1|200417280|0|||0|0|86017191.264|46474118.286|11167899.257|5385|0|0|0|
1761|1662810457.557929|2022-09-10 13:47:37.557929+02|16384|test|33|550666247|0|1084616|2976618670|671041937|660231184|118979115|108978137|0|0|1|200417280|0|||0|0|86049204.782|46494634.557|11174840.668|5387|0|0|0|
1762|1662810458.573867|2022-09-10 13:47:38.573867+02|16384|test|33|550733428|0|1085541|2977360799|671176553|660365750|119046292|109045314|0|0|1|200417280|0|||0|0|86081446.233|46515447.61|11181731.414|5389|0|0|0|
1763|1662810459.589598|2022-09-10 13:47:39.589598+02|16384|test|33|550800755|0|1085542|2978102880|671311475|660500608|119113615|109112637|0|0|1|200417280|0|||0|0|86113463.738|46535970.978|11188670.646|5391|0|0|0|
1764|1662810460.604233|2022-09-10 13:47:40.604233+02|16384|test|33|550858268|0|1086226|2978738042|671426739|660615838|119171124|109170146|0|0|1|200417280|0|||0|0|86145478.997|46557647.251|11194933.129|5393|0|0|0|
1765|1662810461.619341|2022-09-10 13:47:41.619341+02|16384|test|34|550926001|0|1086469|2979485001|671562449|660751508|119238853|109237875|0|0|1|200417280|0|||0|0|86177494.36|46578148.849|11201869.725|5395|0|0|0|
1766|1662810462.635266|2022-09-10 13:47:42.635266+02|16384|test|34|550992075|0|1086869|2980231047|671697822|660884244|119304923|109303945|0|0|1|200417280|0|||0|0|86209511.009|46598724.342|11208778.89|5397|0|0|0|
1767|1662810463.650961|2022-09-10 13:47:43.650961+02|16384|test|33|551057441|0|1087375|2981029221|671832835|661015694|119370279|109369311|0|0|1|200417280|0|||0|0|86241526.987|46619361.534|11215647.941|5399|0|0|0|
1768|1662810464.666798|2022-09-10 13:47:44.666798+02|16384|test|33|551124643|0|1087677|2981770516|671967525|661150302|119437477|109436509|0|0|1|200417280|0|||0|0|86273543.542|46639867.326|11222592.947|5401|0|0|0|
1769|1662810465.681909|2022-09-10 13:47:45.681909+02|16384|test|33|551181899|0|1088425|2982403509|672082301|661265018|119494729|109493761|0|0|1|200417280|0|||0|0|86305560.683|46661491.329|11228901.167|5403|0|0|0|
1770|1662810466.697574|2022-09-10 13:47:46.697574+02|16384|test|33|551249390|0|1088425|2983147577|672217564|661400204|119562216|109561248|0|0|1|200417280|0|||0|0|86337578.485|46682033.084|11235814.136|5405|0|0|0|
1771|1662810467.712974|2022-09-10 13:47:47.712974+02|16384|test|33|551316305|0|1088991|2983886385|672351679|661534238|119629127|109628159|0|0|1|200417280|0|||0|0|86369595.245|46702646.202|11242690.212|5407|0|0|0|
1772|1662810468.728166|2022-09-10 13:47:48.728166+02|16384|test|33|551383484|0|1089373|2984627527|672486332|661668800|119696302|109695334|0|0|1|200417280|0|||0|0|86401611.771|46723151.969|11249646.673|5409|0|0|0|
1773|1662810469.743849|2022-09-10 13:47:49.743849+02|16384|test|33|551450692|0|1089897|2985369377|672621016|661803420|119763506|109762538|0|0|1|200417280|0|||0|0|86433629.513|46743695.865|11256575.435|5411|0|0|0|
1774|1662810470.760008|2022-09-10 13:47:50.760008+02|16384|test|33|551510897|0|1090119|2986033453|672741686|661924034|119823707|109822739|0|0|1|200417280|0|||0|0|86465651.926|46764839.98|11263180.06|5413|0|0|0|
1775|1662810471.775589|2022-09-10 13:47:51.775589+02|16384|test|33|551575047|0|1090562|2986741528|672870267|662052538|119887853|109886885|0|0|1|200417280|0|||0|0|86497667.017|46785759.169|11269870.216|5415|0|0|0|
1776|1662810472.790449|2022-09-10 13:47:52.790449+02|16384|test|33|551642142|0|1091088|2987482374|673004741|662186932|119954944|109953976|0|0|1|200417280|0|||0|0|86529683.87|46806309.57|11276799.121|5417|0|0|0|
1777|1662810473.805967|2022-09-10 13:47:53.805967+02|16384|test|33|551709439|0|1091474|2988225281|673139601|662321730|120022237|110021269|0|0|1|200417280|0|||0|0|86561700.233|46826840.035|11283727.663|5419|0|0|0|
1778|1662810474.821777|2022-09-10 13:47:54.821777+02|16384|test|33|551776609|0|1091980|2988966978|673274217|662456274|120089403|110088435|0|0|1|200417280|0|||0|0|86593716.461|46847331.784|11290698.304|5421|0|0|0|
1779|1662810475.837200|2022-09-10 13:47:55.8372+02|16384|test|33|551838157|0|1092224|2989644077|673397572|662579574|120148992|110149979|0|0|1|200417280|0|||0|0|86624965.735|46867816.616|11297230.84|5423|0|0|0|
1780|1662810476.852547|2022-09-10 13:47:56.852547+02|16384|test|33|551899385|0|1092726|2990302730|673516498|662698438|120212171|110209298|0|0|1|200417280|0|||0|0|86656992.357|46889022.672|11303782.788|5425|0|0|0|
1781|1662810477.866671|2022-09-10 13:47:57.866671+02|16384|test|33|551966204|0|1093171|2991059171|673654213|662836076|120278986|110278018|0|0|1|200417280|0|||0|0|86689013.555|46909530.075|11310745.632|5427|0|0|0|
1782|1662810478.881852|2022-09-10 13:47:58.881852+02|16384|test|33|552035722|0|1093453|2991815186|673793528|662975316|120346385|110345383|0|0|1|200417280|0|||0|0|86722029.817|46930703.143|11317893.854|5429|0|0|0|
1783|1662810479.896578|2022-09-10 13:47:59.896578+02|16384|test|33|552100601|0|1093977|2992542080|673923554|663105278|120413375|110412407|0|0|1|200417280|0|||0|0|86753047.023|46950614.505|11324604.38|5431|0|0|0|
1784|1662810480.912135|2022-09-10 13:48:00.912135+02|16384|test|33|552169757|0|1094341|2993305106|674062147|663243794|120482527|110481559|0|0|1|200417280|0|||0|0|86786064.99|46971826.668|11331730.976|5433|0|0|0|
1785|1662810481.927801|2022-09-10 13:48:01.927801+02|16384|test|33|552225439|0|1094706|2993909688|674170337|663351902|120538205|110537237|0|0|1|200417280|0|||0|0|86818082.363|46993449.072|11338015.212|5435|0|0|0|
1786|1662810482.943753|2022-09-10 13:48:02.943753+02|16384|test|33|552292701|0|1095272|2994660654|674308598|663490090|120603374|110604495|0|0|1|200417280|0|||0|0|86850099.703|47013971.043|11344961.642|5437|0|0|0|
1787|1662810483.959054|2022-09-10 13:48:03.959054+02|16384|test|33|552359960|0|1095696|2995405081|674443402|663624812|120672718|110671750|0|0|1|200417280|0|||0|0|86882115.111|47034487.746|11351901.117|5439|0|0|0|
1788|1662810484.973840|2022-09-10 13:48:04.97384+02|16384|test|33|552425112|0|1096121|2996113591|674573974|663755320|120735812|110734801|0|0|1|200417280|0|||0|0|86913130.865|47054339.394|11358650.154|5441|0|0|0|
1789|1662810485.988754|2022-09-10 13:48:05.988754+02|16384|test|33|552492503|0|1096389|2996867816|674709035|663890306|120805253|110804285|0|0|1|200417280|0|||0|0|86945144.121|47074883.672|11365555.211|5443|0|0|0|
1790|1662810487.003626|2022-09-10 13:48:07.003626+02|16384|test|33|552538472|0|1096693|2997361919|674798537|663979760|120851218|110848883|0|0|1|200417280|0|||0|0|86978162.016|47099206.999|11370780.772|5445|0|0|0|
1791|1662810488.019726|2022-09-10 13:48:08.019726+02|16384|test|33|552604870|0|1097221|2998088413|674930177|664111340|120917612|110914612|0|0|1|200417280|0|||0|0|87010176.263|47119759.63|11377710.751|5447|0|0|0|
1792|1662810489.034923|2022-09-10 13:48:09.034923+02|16384|test|33|552672270|0|1097545|2998852600|675069363|664250452|120985008|110984040|0|0|1|200417280|0|||0|0|87042192.004|47140289.37|11384637.69|5449|0|0|0|
1793|1662810490.049919|2022-09-10 13:48:10.049919+02|16384|test|33|552739566|0|1097991|2999595563|675204222|664385248|121052300|111051332|0|0|1|200417280|0|||0|0|87074208.721|47160798.843|11391587.523|5451|0|0|0|
1794|1662810491.065666|2022-09-10 13:48:11.065666+02|16384|test|33|552804658|0|1098453|3000311614|675334676|664515636|121115303|111116420|0|0|1|200417280|0|||0|0|87105225.661|47180708.834|11398299.258|5453|0|0|0|
1795|1662810492.080734|2022-09-10 13:48:12.080734+02|16384|test|33|552863625|0|1098816|3000943729|675445905|664626806|121176351|111175383|0|0|1|200417280|0|||0|0|87138240.467|47202922.882|11404808.442|5455|0|0|0|
1796|1662810493.096623|2022-09-10 13:48:13.096623+02|16384|test|33|552930825|0|1099278|3001701738|675587548|664768378|121239362|111242579|0|0|1|200417280|0|||0|0|87170255.907|47223491.985|11411706.653|5457|0|0|0|
1797|1662810494.111397|2022-09-10 13:48:14.111397+02|16384|test|33|552998086|0|1099842|3002448381|675722328|664903104|121310804|111309836|0|0|1|200417280|0|||0|0|87202270.939|47244056.296|11418613.824|5459|0|0|0|
1798|1662810495.127276|2022-09-10 13:48:15.127276+02|16384|test|33|553063131|0|1100164|3003151490|675848589|665029288|121373790|111374877|0|0|1|200417280|0|||0|0|87233287.288|47263985.987|11425301.608|5461|0|0|0|
1799|1662810496.142871|2022-09-10 13:48:16.142871+02|16384|test|33|553132376|0|1100568|3003929977|675991453|665172092|121445086|111444118|0|0|1|200417280|0|||0|0|87266303.424|47285149.247|11432459.958|5463|0|0|0|
1800|1662810497.158319|2022-09-10 13:48:17.158319+02|16384|test|33|553189593|0|1100894|3004561688|676106139|665286730|121502299|111501331|0|0|1|200417280|0|||0|0|87298321.717|47306689.613|11438816.007|5465|0|0|0|
1801|1662810498.172786|2022-09-10 13:48:18.172786+02|16384|test|33|553256912|0|1101340|3005304885|676241039|665421572|121569614|111568646|0|0|1|200417280|0|||0|0|87330336.545|47327201.514|11445759.622|5467|0|0|0|
1802|1662810499.188586|2022-09-10 13:48:19.188586+02|16384|test|33|553323948|0|1101884|3006044851|676375374|665555848|121636646|111635678|0|0|1|200417280|0|||0|0|87362357.447|47347804.342|11452643.467|5469|0|0|0|
1803|1662810500.203430|2022-09-10 13:48:20.20343+02|16384|test|33|553390933|0|1102290|3006750954|676501295|665681708|121703627|111700556|0|0|1|200417280|0|||0|0|87394383.285|47368367.616|11459565.995|5471|0|0|0|
1804|1662810501.218934|2022-09-10 13:48:21.218934+02|16384|test|33|553455928|0|1102512|3007501230|676639878|665820216|121768618|111767650|0|0|1|200417280|0|||0|0|87425400.648|47388278.459|11466261.966|5473|0|0|0|
1805|1662810502.233572|2022-09-10 13:48:22.233572+02|16384|test|33|553514481|0|1102877|3008147803|676757256|665937526|121827167|111826199|0|0|1|200417280|0|||0|0|87458418.627|47410610.924|11472731.763|5475|0|0|0|
1806|1662810503.249051|2022-09-10 13:48:23.249051+02|16384|test|33|553581657|0|1103405|3008889703|676891876|666072082|121894339|111893371|0|0|1|200417280|0|||0|0|87490435.896|47431180.042|11479633.754|5477|0|0|0|
1807|1662810504.264389|2022-09-10 13:48:24.264389+02|16384|test|33|553648861|0|1103931|3009631744|677026558|666206694|121961539|111960571|0|0|1|200417280|0|||0|0|87522453.528|47451723.872|11486563.23|5479|0|0|0|
1808|1662810505.279501|2022-09-10 13:48:25.279501+02|16384|test|33|553716193|0|1104235|3010374585|677161485|666341562|122028867|112027899|0|0|1|200417280|0|||0|0|87554471.201|47472209.482|11493531.682|5481|0|0|0|
1809|1662810506.294867|2022-09-10 13:48:26.294867+02|16384|test|33|553783333|0|1104719|3011115628|677296042|666476046|122096003|112095035|0|0|1|200417280|0|||0|0|87586486.309|47492728.516|11500478.114|5483|0|0|0|
1810|1662810507.309391|2022-09-10 13:48:27.309391+02|16384|test|33|553839931|0|1105101|3011740149|677409491|666589446|122152597|112151629|0|0|1|200417280|0|||0|0|87618504.543|47514212.548|11506862.118|5485|0|0|0|
1811|1662810508.325191|2022-09-10 13:48:28.325191+02|16384|test|33|553906937|0|1105563|3012467064|677539668|666719558|122219599|112218631|0|0|1|200417280|0|||0|0|87650519.859|47534819.611|11513736.956|5487|0|0|0|
1812|1662810509.340257|2022-09-10 13:48:29.340257+02|16384|test|33|553974419|0|1105927|3013211091|677674691|666854526|122287077|112286109|0|0|1|200417280|0|||0|0|87682536.775|47555362.424|11520657.283|5489|0|0|0|
1813|1662810510.356004|2022-09-10 13:48:30.356004+02|16384|test|33|554041608|0|1106451|3013965609|677813633|666993412|122354262|112353294|0|0|1|200417280|0|||0|0|87714552.643|47575916.652|11527575.245|5491|0|0|0|
1814|1662810511.371335|2022-09-10 13:48:31.371335+02|16384|test|33|554108755|0|1106675|3014706431|677948190|667127910|122421405|112420437|0|0|1|200417280|0|||0|0|87746571.899|47596427.666|11534538.63|5493|0|0|0|
1815|1662810512.386177|2022-09-10 13:48:32.386177+02|16384|test|33|554167666|0|1107180|3015357092|678066267|667245936|122480312|112479344|0|0|1|200417280|0|||0|0|87778590.446|47617902.021|11540948.993|5495|0|0|0|
1816|1662810513.401724|2022-09-10 13:48:33.401724+02|16384|test|33|554233076|0|1107502|3016078536|678197339|667376960|122545718|112544750|0|0|1|200417280|0|||0|0|87810606.418|47638637.522|11547757.729|5497|0|0|0|
1817|1662810514.416799|2022-09-10 13:48:34.416799+02|16384|test|33|554300417|0|1107868|3016821985|678332294|667511846|122613055|112612087|0|0|1|200417280|0|||0|0|87842621.959|47659181.401|11554682.228|5499|0|0|0|
1818|1662810515.431388|2022-09-10 13:48:35.431388+02|16384|test|33|554367490|0|1108436|3017562850|678466704|667646196|122680124|112679156|0|0|1|200417280|0|||0|0|87874636.568|47679729.959|11561610.115|5501|0|0|0|
1819|1662810516.446227|2022-09-10 13:48:36.446227+02|16384|test|33|554434745|0|1108800|3018304955|678601466|667780910|122747375|112746407|0|0|1|200417280|0|||0|0|87906651.447|47700246.704|11568546.174|5503|0|0|0|
1820|1662810517.461532|2022-09-10 13:48:37.461532+02|16384|test|33|554495573|0|1109144|3018976274|678723378|667902770|122808199|112807231|0|0|1|200417280|0|||0|0|87938673.227|47721384.457|11575130.091|5505|0|0|0|
1821|1662810518.476928|2022-09-10 13:48:38.476928+02|16384|test|33|554556295|0|1109647|3019646592|678845080|668024418|122868917|112867949|0|0|1|200417280|0|||0|0|87969690.43|47741764.665|11581555.184|5507|0|0|0|
1822|1662810519.492743|2022-09-10 13:48:39.492743+02|16384|test|33|554625623|0|1110152|3020411704|678983991|668163278|122938241|112937273|0|0|1|200417280|0|||0|0|88002705.807|47762991.129|11588663.224|5509|0|0|0|
1823|1662810520.508561|2022-09-10 13:48:40.508561+02|16384|test|33|554692667|0|1110514|3021151292|679118343|668297570|123005281|113004313|0|0|1|200417280|0|||0|0|88034722.822|47783508.537|11595609.2|5511|0|0|0|
1824|1662810521.533648|2022-09-10 13:48:41.533648+02|16384|test|33|554825556|0|1111245|3022617775|679384449|668563552|123138166|113137198|0|0|1|200417280|0|||0|0|88098804.43|47824560.023|11609549.726|5513|0|0|0|
1825|1662810522.553393|2022-09-10 13:48:42.553393+02|16384|test|33|554883064|0|1111851|3023291422|679502338|668679310|123195666|113194702|0|0|1|200417280|0|||0|0|88130823.583|47846082.95|11615912.127|5515|0|0|0|
1826|1662810523.569153|2022-09-10 13:48:43.569153+02|16384|test|33|554950324|0|1112235|3024033689|679637126|668814034|123262922|113261958|0|0|1|200417280|0|||0|0|88162839.536|47866623.763|11622838.979|5517|0|0|0|
1827|1662810524.584566|2022-09-10 13:48:44.584566+02|16384|test|33|555017307|0|1112517|3024772594|679771372|668948204|123329901|113328937|0|0|1|200417280|0|||0|0|88194856.644|47887138.719|11629794.309|5519|0|0|0|
1828|1662810525.599654|2022-09-10 13:48:45.599654+02|16384|test|33|555084347|0|1112943|3025512765|679905742|669082488|123396937|113395973|0|0|1|200417280|0|||0|0|88226871.207|47907710.458|11636700.143|5521|0|0|0|
1829|1662810526.614951|2022-09-10 13:48:46.614951+02|16384|test|33|555151600|0|1113447|3026255052|680040514|669217198|123464186|113463222|0|0|1|200417280|0|||0|0|88258885.764|47928228.843|11643648.254|5523|0|0|0|
1830|1662810527.630100|2022-09-10 13:48:47.6301+02|16384|test|33|555208546|0|1113851|3026883706|680154668|669331294|123521128|113520164|0|0|1|200417280|0|||0|0|88290900.21|47949817.435|11649913.792|5525|0|0|0|
1831|1662810528.645984|2022-09-10 13:48:48.645984+02|16384|test|33|555275834|0|1114137|3027626407|680289516|669466074|123588412|113587448|0|0|1|200417280|0|||0|0|88322915.597|47970313.414|11656873.309|5527|0|0|0|
1832|1662810529.661432|2022-09-10 13:48:49.661432+02|16384|test|33|555342059|0|1114563|3028357594|680422230|669598728|123654633|113653669|0|0|1|200417280|0|||0|0|88354932.231|47990865.785|11663798.665|5529|0|0|0|
1833|1662810530.675918|2022-09-10 13:48:50.675918+02|16384|test|33|555408912|0|1115010|3029095828|680556200|669732638|123721482|113720518|0|0|1|200417280|0|||0|0|88386948.006|48011474.035|11670681.073|5531|0|0|0|
1834|1662810531.690643|2022-09-10 13:48:51.690643+02|16384|test|33|555476004|0|1115456|3029836498|680690644|669867026|123788570|113787606|0|0|1|200417280|0|||0|0|88418962.833|48031991.932|11677628.742|5533|0|0|0|
1835|1662810532.706258|2022-09-10 13:48:52.706258+02|16384|test|33|555533027|0|1115880|3030458826|680804948|669981276|123845589|113842838|0|0|1|200417280|0|||0|0|88450981.535|48053593.756|11683952.191|5535|0|0|0|
1836|1662810533.721458|2022-09-10 13:48:53.721458+02|16384|test|33|555600231|0|1116265|3031207589|680939621|670115888|123912789|113911825|0|0|1|200417280|0|||0|0|88482998.163|48074120.805|11690887.628|5537|0|0|0|
1837|1662810534.737217|2022-09-10 13:48:54.737217+02|16384|test|33|555667320|0|1116629|3031947917|681074072|670250270|123979874|113978910|0|0|1|200417280|0|||0|0|88515015.167|48094638.562|11697836.168|5539|0|0|0|
1838|1662810535.752216|2022-09-10 13:48:55.752216+02|16384|test|33|555734458|0|1117133|3032689012|681208635|670384750|124047008|114046044|0|0|1|200417280|0|||0|0|88547032.509|48115177.99|11704769.871|5541|0|0|0|
1839|1662810536.767640|2022-09-10 13:48:56.76764+02|16384|test|33|555801471|0|1117618|3033428652|681342940|670518980|124114017|114113053|0|0|1|200417280|0|||0|0|88579047.964|48135723.172|11711697.321|5543|0|0|0|
1840|1662810537.782983|2022-09-10 13:48:57.782983+02|16384|test|33|555858559|0|1117962|3034058791|681457377|670633360|124171101|114170137|0|0|1|200417280|0|||0|0|88611064.526|48157276.998|11717988.131|5545|0|0|0|
1841|1662810538.798571|2022-09-10 13:48:58.798571+02|16384|test|33|555925793|0|1118386|3034798657|681592105|670768032|124236253|114237367|0|0|1|200417280|0|||0|0|88643080.298|48177834.661|11724894.612|5547|0|0|0|
1842|1662810539.814306|2022-09-10 13:48:59.814306+02|16384|test|33|555992820|0|1118870|3035540586|681726440|670902290|124305354|114304390|0|0|1|200417280|0|||0|0|88675096.205|48198418.611|11731785.414|5549|0|0|0|
1843|1662810540.829830|2022-09-10 13:49:00.82983+02|16384|test|33|556059943|0|1119535|3036281851|681860961|671036740|124372473|114371509|0|0|1|200417280|0|||0|0|88707110.681|48218965.583|11738716.879|5551|0|0|0|
1844|1662810541.845493|2022-09-10 13:49:01.845493+02|16384|test|33|556127035|0|1119997|3037022041|681995409|671171128|124439561|114438597|0|0|1|200417280|0|||0|0|88739126.444|48239503.656|11745648.134|5553|0|0|0|
1845|1662810542.861190|2022-09-10 13:49:02.86119+02|16384|test|33|556182384|0|1119997|3037630294|682106359|671282030|124493115|114493942|0|0|1|200417280|0|||0|0|88770142.834|48260256.986|11751901.837|5555|0|0|0|
1846|1662810543.876425|2022-09-10 13:49:03.876425+02|16384|test|33|556251598|0|1120423|3038396115|682245046|671420662|124564116|114563152|0|0|1|200417280|0|||0|0|88803157.966|48281485.795|11759007.562|5557|0|0|0|
1847|1662810544.890993|2022-09-10 13:49:04.890993+02|16384|test|33|556318759|0|1120867|3039126895|682379633|671555188|124629195|114628238|0|0|1|200417280|0|||0|0|88835173.32|48302068.517|11765906.136|5559|0|0|0|
1848|1662810545.906424|2022-09-10 13:49:05.906424+02|16384|test|33|556385923|0|1121209|3039878130|682514213|671689720|124698433|114697469|0|0|1|200417280|0|||0|0|88867189.131|48322560.334|11772875.003|5561|0|0|0|
1849|1662810546.921992|2022-09-10 13:49:06.921992+02|16384|test|33|556452816|0|1121815|3040616737|682648258|671823710|124765322|114764358|0|0|1|200417280|0|||0|0|88899204.902|48343154.412|11779767.438|5563|0|0|0|
1850|1662810547.937670|2022-09-10 13:49:07.93767+02|16384|test|33|556509881|0|1122017|3041246164|682762641|671938044|124822383|114821419|0|0|1|200417280|0|||0|0|88931222.249|48364635.14|11786135.634|5565|0|0|0|
1851|1662810548.952476|2022-09-10 13:49:08.952476+02|16384|test|33|556576935|0|1122663|3041986705|682897019|672072356|124889433|114888469|0|0|1|200417280|0|||0|0|88963236.53|48385235.257|11793012.209|5567|0|0|0|
1852|1662810549.967688|2022-09-10 13:49:09.967688+02|16384|test|33|556644250|0|1122927|3042729366|683031909|672207190|124956744|114955780|0|0|1|200417280|0|||0|0|88995250.174|48405779.467|11799930.352|5569|0|0|0|
1853|1662810550.982688|2022-09-10 13:49:10.982688+02|16384|test|33|556711407|0|1123432|3043470828|683166467|672341708|125023897|115022933|0|0|1|200417280|0|||0|0|89027266.627|48426331.083|11806848.772|5571|0|0|0|
1854|1662810551.998153|2022-09-10 13:49:11.998153+02|16384|test|33|556778520|0|1123900|3044211990|683300955|672476138|125091006|115090042|0|0|1|200417280|0|||0|0|89059284.14|48446868.618|11813777.097|5573|0|0|0|
1855|1662810553.013106|2022-09-10 13:49:13.013106+02|16384|test|33|556835449|0|1124204|3044840301|683415063|672590200|125147931|115146967|0|0|1|200417280|0|||0|0|89091306.132|48468267.614|11820183.81|5575|0|0|0|
1856|1662810554.028779|2022-09-10 13:49:14.028779+02|16384|test|33|556901820|0|1124586|3045572515|683548072|672723146|125214298|115213334|0|0|1|200417280|0|||0|0|89123322.322|48488967.837|11826993.794|5577|0|0|0|
1857|1662810555.044028|2022-09-10 13:49:15.044028+02|16384|test|33|556968851|0|1124908|3046311931|683682388|672857412|125281325|115280361|0|0|1|200417280|0|||0|0|89155336.666|48509544.804|11833897.387|5579|0|0|0|
1858|1662810556.060299|2022-09-10 13:49:16.060299+02|16384|test|33|557035799|0|1125474|3047051091|683816553|672991512|125348269|115347305|0|0|1|200417280|0|||0|0|89187352.996|48530143.229|11840782.022|5581|0|0|0|
1859|1662810557.075231|2022-09-10 13:49:17.075231+02|16384|test|33|557100637|0|1125917|3047766689|683946481|673121392|125413103|115412139|0|0|1|200417280|0|||0|0|89218369.962|48550066.525|11847482.491|5583|0|0|0|
1860|1662810558.090191|2022-09-10 13:49:18.090191+02|16384|test|33|557161509|0|1126162|3048438155|684068491|673243340|125473971|115473007|0|0|1|200417280|0|||0|0|89250390.257|48571188.15|11854093.073|5585|0|0|0|
1861|1662810559.105407|2022-09-10 13:49:19.105407+02|16384|test|33|557227360|0|1126676|3049164764|684200464|673375246|125539818|115538854|0|0|1|200417280|0|||0|0|89283406.232|48592738.783|11861020.107|5587|0|0|0|
1862|1662810560.120982|2022-09-10 13:49:20.120982+02|16384|test|33|557294532|0|1127187|3049906707|684335085|673509794|125606986|115606022|0|0|1|200417280|0|||0|0|89315423.181|48613283.654|11867944.01|5589|0|0|0|
1863|1662810561.136402|2022-09-10 13:49:21.136402+02|16384|test|33|557359338|0|1127649|3050621997|684464960|673639610|125671788|115670824|0|0|1|200417280|0|||0|0|89346439.223|48633216.632|11874633.608|5591|0|0|0|
1864|1662810562.152102|2022-09-10 13:49:22.152102+02|16384|test|33|557428319|0|1128011|3051382918|684603189|673777776|125740765|115739801|0|0|1|200417280|0|||0|0|89379456.633|48654410.428|11881776.609|5593|0|0|0|
1865|1662810563.167017|2022-09-10 13:49:23.167017+02|16384|test|33|557485755|0|1128313|3051992814|684710397|673884956|125798197|115797233|0|0|1|200417280|0|||0|0|89409000.589|48673768.771|11887929.624|5595|0|0|0|
1866|1662810564.182029|2022-09-10 13:49:24.182029+02|16384|test|33|557549402|0|1128869|3052719096|684845849|674020350|125861840|115860876|0|0|1|200417280|0|||0|0|89442069.523|48695567.096|11894754.435|5597|0|0|0|
1867|1662810565.197130|2022-09-10 13:49:25.19713+02|16384|test|33|557620222|0|1129251|3053500310|684987756|674162194|125932656|115931692|0|0|1|200417280|0|||0|0|89476084.926|48717458.993|11902077.98|5599|0|0|0|
1868|1662810566.212530|2022-09-10 13:49:26.21253+02|16384|test|33|557687710|0|1129513|3054244645|685122995|674297374|126000140|115999176|0|0|1|200417280|0|||0|0|89508100.737|48737885.199|11909091.016|5601|0|0|0|
1869|1662810567.227981|2022-09-10 13:49:27.227981+02|16384|test|33|557754897|0|1129957|3054986095|685257633|674431952|126067323|116066359|0|0|1|200417280|0|||0|0|89540118.448|48758385.618|11916058.81|5603|0|0|0|
1870|1662810568.243028|2022-09-10 13:49:28.243028+02|16384|test|33|557819810|0|1130421|3055692077|685387716|674561982|126130152|116129188|0|0|1|200417280|0|||0|0|89571135.803|48778288.812|11922774.321|5605|0|0|0|
1871|1662810569.258666|2022-09-10 13:49:29.258666+02|16384|test|33|557876785|0|1130743|3056331155|685501924|674676136|126189203|116188239|0|0|1|200417280|0|||0|0|89603152.67|48799758.828|11929173.921|5607|0|0|0|
1872|1662810570.274303|2022-09-10 13:49:30.274303+02|16384|test|33|557945354|0|1131185|3057087592|685639325|674813478|126257768|116256804|0|0|1|200417280|0|||0|0|89636167.141|48820982.132|11936298.795|5609|0|0|0|
1873|1662810571.289538|2022-09-10 13:49:31.289538+02|16384|test|33|558012502|0|1131635|3057829228|685773869|674947978|126324912|116323948|0|0|1|200417280|0|||0|0|89668182.775|48841541.145|11943207.035|5611|0|0|0|
1874|1662810572.304784|2022-09-10 13:49:32.304784+02|16384|test|33|558079537|0|1132019|3058568981|685908192|675082252|126391943|116390979|0|0|1|200417280|0|||0|0|89700197.481|48862119.782|11950107.706|5613|0|0|0|
1875|1662810573.320573|2022-09-10 13:49:33.320573+02|16384|test|33|558146501|0|1132583|3059308143|686042374|675216384|126458903|116457939|0|0|1|200417280|0|||0|0|89732213.11|48882712.754|11956999.087|5615|0|0|0|
1876|1662810574.335278|2022-09-10 13:49:34.335278+02|16384|test|33|558201644|0|1133027|3059906122|686149303|675323268|126514042|116513078|0|0|1|200417280|0|||0|0|89763230.433|48903543.899|11963165.151|5617|0|0|0|
1877|1662810575.350806|2022-09-10 13:49:35.350806+02|16384|test|33|558270673|0|1133333|3060678559|686291219|675465136|126583067|116582103|0|0|1|200417280|0|||0|0|89796245.864|48924754.586|11970293.336|5619|0|0|0|
1878|1662810576.366374|2022-09-10 13:49:36.366374+02|16384|test|33|558337798|0|1133641|3061419594|686425717|675599590|126650188|116649224|0|0|1|200417280|0|||0|0|89828261.329|48945279.875|11977232.597|5621|0|0|0|
1879|1662810577.381269|2022-09-10 13:49:37.381269+02|16384|test|33|558404753|0|1134267|3062158859|686559886|675733704|126717139|116716175|0|0|1|200417280|0|||0|0|89860276.596|48965824.923|11984170.473|5623|0|0|0|
1880|1662810578.396478|2022-09-10 13:49:38.396478+02|16384|test|33|558472083|0|1134489|3062901416|686694791|675868568|126784465|116783501|0|0|1|200417280|0|||0|0|89892292.26|48986302.979|11991143.092|5625|0|0|0|
1881|1662810579.412092|2022-09-10 13:49:39.412092+02|16384|test|33|558526074|0|1135073|3063497591|686803008|675976754|126838452|116837488|0|0|1|200417280|0|||0|0|89923307.435|49007460.054|11997104.825|5627|0|0|0|
1882|1662810580.426986|2022-09-10 13:49:40.426986+02|16384|test|33|558595066|0|1135558|3064259179|686941245|676114942|126907440|116906476|0|0|1|200417280|0|||0|0|89956322.683|49028726.149|12004189.11|5629|0|0|0|
1883|1662810581.442235|2022-09-10 13:49:41.442235+02|16384|test|33|558662217|0|1135740|3064999811|687075795|676249448|126974587|116973623|0|0|1|200417280|0|||0|0|89988338.721|49049290.154|12011097.834|5631|0|0|0|
1884|1662810582.457721|2022-09-10 13:49:42.457721+02|16384|test|34|558729032|0|1136444|3065737461|687209679|676383282|127041398|117040434|0|0|1|200417280|0|||0|0|90020354.661|49069969.373|12017923.244|5633|0|0|0|
1885|1662810583.472711|2022-09-10 13:49:43.472711+02|16384|test|34|558794792|0|1136626|3066472145|687343257|676515390|127107154|117106190|0|0|1|200417280|0|||0|0|90052369.441|49090635.177|12024757.139|5635|0|0|0|
1886|1662810584.488121|2022-09-10 13:49:44.488121+02|16384|test|34|558848911|0|1137334|3067070536|687451753|676623832|127161269|117160305|0|0|1|200417280|0|||0|0|90084386.793|49112582.267|12030833.894|5637|0|0|0|
1887|1662810585.503094|2022-09-10 13:49:45.503094+02|16384|test|34|558914686|0|1137334|3067795459|687583557|676755586|127227040|117226076|0|0|1|200417280|0|||0|0|90116403.136|49133304.363|12037626.289|5639|0|0|0|
1888|1662810586.518315|2022-09-10 13:49:46.518315+02|16384|test|34|558977225|0|1137838|3068473355|687704701|676876680|127289575|117288611|0|0|1|200417280|0|||0|0|90147418.131|49153511.454|12044126.046|5641|0|0|0|
1889|1662810587.534260|2022-09-10 13:49:47.53426+02|16384|test|34|559044465|0|1138262|3069228011|687843633|677015552|127356811|117355847|0|0|1|200417280|0|||0|0|90180433.99|49174991.725|12051060.886|5643|0|0|0|
1890|1662810588.549808|2022-09-10 13:49:48.549808+02|16384|test|34|559109858|0|1138624|3069949383|687974659|677146542|127422200|117421236|0|0|1|200417280|0|||0|0|90212450.708|49195838.404|12057766.288|5645|0|0|0|
1891|1662810589.565798|2022-09-10 13:49:49.565798+02|16384|test|34|559229679|0|1139575|3071272090|688214617|677386388|127542017|117541053|0|0|1|200417280|0|||0|0|90276473.434|49238618.386|12070569.819|5647|0|0|0|
1892|1662810590.581066|2022-09-10 13:49:50.581066+02|16384|test|34|559295467|0|1139817|3071997969|688346459|677518168|127607801|117606837|0|0|1|200417280|0|||0|0|90308490.546|49259413.451|12077309.17|5649|0|0|0|
1893|1662810591.596714|2022-09-10 13:49:51.596714+02|16384|test|33|559362035|0|1140267|3073056213|688481172|677651954|127674359|117673399|0|0|1|200417280|0|||0|0|90340508.222|49279992.723|12084209.58|5651|0|0|0|
1894|1662810592.612446|2022-09-10 13:49:52.612446+02|16384|test|33|559428950|0|1140831|3073794873|688615265|677785988|127741270|117740310|0|0|1|200417280|0|||0|0|90372526.087|49300536.087|12091147.556|5653|0|0|0|
1895|1662810593.627564|2022-09-10 13:49:53.627564+02|16384|test|33|559484326|0|1141073|3074405739|688726258|677896944|127796642|117795682|0|0|1|200417280|0|||0|0|90404550.093|49321971.74|12097574.215|5655|0|0|0|
1896|1662810594.642737|2022-09-10 13:49:54.642737+02|16384|test|33|559550185|0|1141587|3075130351|688858244|678028866|127860461|117861537|0|0|1|200417280|0|||0|0|90436564.325|49342578.445|12104469.614|5657|0|0|0|
1897|1662810595.657844|2022-09-10 13:49:55.657844+02|16384|test|33|559617145|0|1142031|3075850453|688988233|678158800|127929453|117926398|0|0|1|200417280|0|||0|0|90468578.743|49363148.06|12111376.405|5659|0|0|0|
1898|1662810596.673168|2022-09-10 13:49:56.673168+02|16384|test|33|559684438|0|1142353|3076613645|689127267|678297780|127996742|117995782|0|0|1|200417280|0|||0|0|90500595.085|49383638.964|12118340.555|5661|0|0|0|
1899|1662810597.687723|2022-09-10 13:49:57.687723+02|16384|test|33|559751454|0|1142797|3077353204|689261576|678432016|128063754|118062794|0|0|1|200417280|0|||0|0|90532610.118|49404124.63|12125316.193|5663|0|0|0|
1900|1662810598.703366|2022-09-10 13:49:58.703366+02|16384|test|33|559810107|0|1143121|3078000573|689379148|678549526|128122403|118121443|0|0|1|200417280|0|||0|0|90564632.155|49425526.535|12131759.281|5665|0|0|0|
1901|1662810599.718903|2022-09-10 13:49:59.718903+02|16384|test|33|559874844|0|1143606|3078715444|689508878|678679204|128187136|118186176|0|0|1|200417280|0|||0|0|90596648.319|49446310.16|12138543.423|5667|0|0|0|
1902|1662810600.735092|2022-09-10 13:50:00.735092+02|16384|test|33|559942092|0|1143872|3079457332|689643630|678813904|128254380|118253420|0|0|1|200417280|0|||0|0|90628664.922|49466793.28|12145510.941|5669|0|0|0|
1903|1662810601.750051|2022-09-10 13:50:01.750051+02|16384|test|33|560009198|0|1144296|3080197903|689778101|678948320|128321482|118320522|0|0|1|200417280|0|||0|0|90660679.176|49487320.492|12152458.079|5671|0|0|0|
1904|1662810602.765884|2022-09-10 13:50:02.765884+02|16384|test|33|560076234|0|1144762|3080937998|689912433|679082596|128388514|118387554|0|0|1|200417280|0|||0|0|90692695.248|49507883.531|12159368.853|5673|0|0|0|
1905|1662810603.780869|2022-09-10 13:50:03.780869+02|16384|test|33|560137543|0|1145209|3081615032|690035304|679205418|128449819|118448859|0|0|1|200417280|0|||0|0|90724718.769|49528942.144|12165994.742|5675|0|0|0|
1906|1662810604.795827|2022-09-10 13:50:04.795827+02|16384|test|33|560198967|0|1145723|3082290821|690158400|679328470|128509283|118510279|0|0|1|200417280|0|||0|0|90756736.222|49550088.651|12172570.097|5677|0|0|0|
1907|1662810605.811549|2022-09-10 13:50:05.811549+02|16384|test|33|560263800|0|1146147|3083008103|690288330|679458340|128576068|118575108|0|0|1|200417280|0|||0|0|90787753.382|49569993.939|12179282.638|5679|0|0|0|
1908|1662810606.826846|2022-09-10 13:50:06.826846+02|16384|test|33|560333113|0|1146529|3083772652|690427206|679597170|128645377|118644417|0|0|1|200417280|0|||0|0|90820770.745|49591166.656|12186438.2|5681|0|0|0|
1909|1662810607.841867|2022-09-10 13:50:07.841867+02|16384|test|33|560400267|0|1146791|3084513301|690561770|679731682|128712527|118711567|0|0|1|200417280|0|||0|0|90852785.771|49611694.417|12193375.76|5683|0|0|0|
1910|1662810608.856718|2022-09-10 13:50:08.856718+02|16384|test|33|560466386|0|1147475|3085243310|690694278|679864124|128778642|118777682|0|0|1|200417280|0|||0|0|90884824.147|49632313.782|12200267.02|5685|0|0|0|
1911|1662810609.871425|2022-09-10 13:50:09.871425+02|16384|test|33|560521749|0|1147818|3085854216|690805247|679975054|128834001|118833041|0|0|1|200417280|0|||0|0|90916838.291|49654037.267|12206500.024|5687|0|0|0|
1912|1662810610.886395|2022-09-10 13:50:10.886395+02|16384|test|33|560586894|0|1148102|3086570720|690935781|680105548|128897008|118898182|0|0|1|200417280|0|||0|0|90947855.293|49673904.155|12213241.793|5689|0|0|0|
1913|1662810611.901489|2022-09-10 13:50:11.901489+02|16384|test|33|560656017|0|1148629|3087336029|691074280|680243998|128968261|118967301|0|0|1|200417280|0|||0|0|90980871.86|49695012.017|12220452.658|5691|0|0|0|
1914|1662810612.917012|2022-09-10 13:50:12.917012+02|16384|test|33|560723330|0|1148851|3088078400|691209164|680378828|129035570|119034610|0|0|1|200417280|0|||0|0|91012888.232|49715535.691|12227390.399|5693|0|0|0|
1915|1662810613.931534|2022-09-10 13:50:13.931534+02|16384|test|33|560790396|0|1149277|3088818741|691343555|680513164|129102632|119101672|0|0|1|200417280|0|||0|0|91044904.812|49736104.832|12234298.226|5695|0|0|0|
1916|1662810614.946288|2022-09-10 13:50:14.946288+02|16384|test|33|560845381|0|1149881|3089425982|691453780|680623338|129157613|119156653|0|0|1|200417280|0|||0|0|91076921.424|49758022.797|12240423.806|5697|0|0|0|
1917|1662810615.961481|2022-09-10 13:50:15.961481+02|16384|test|33|560912504|0|1150083|3090166168|691588277|680757788|129224732|119223772|0|0|1|200417280|0|||0|0|91108937.057|49778560.797|12247353.838|5699|0|0|0|
1918|1662810616.976703|2022-09-10 13:50:16.976703+02|16384|test|33|560979581|0|1150676|3090907503|691722692|680892146|129291805|119290845|0|0|1|200417280|0|||0|0|91140953.779|49799127.716|12254264.808|5701|0|0|0|
1919|1662810617.991920|2022-09-10 13:50:17.99192+02|16384|test|33|561046625|0|1151000|3091647257|691857041|681026438|129358845|119357885|0|0|1|200417280|0|||0|0|91172969.241|49819680.889|12261186.815|5703|0|0|0|
1920|1662810619.006599|2022-09-10 13:50:19.006599+02|16384|test|33|561112723|0|1151326|3092376836|691989487|681158838|129424939|119423979|0|0|1|200417280|0|||0|0|91204987.114|49840206.75|12268151.078|5705|0|0|0|
1921|1662810620.021442|2022-09-10 13:50:20.021442+02|16384|test|33|561167628|0|1151911|3092983420|692099536|681268852|129479840|119478880|0|0|1|200417280|0|||0|0|91237004.511|49861964.716|12274373.329|5707|0|0|0|
1922|1662810621.037178|2022-09-10 13:50:21.037178+02|16384|test|33|561234909|0|1152315|3093725845|692234350|681403618|129547117|119546157|0|0|1|200417280|0|||0|0|91269022.871|49882490.553|12281317.455|5709|0|0|0|
1923|1662810622.052123|2022-09-10 13:50:22.052123+02|16384|test|33|561302063|0|1152639|3094466835|692368918|681538130|129614267|119613307|0|0|1|200417280|0|||0|0|91301038.012|49903040.979|12288241.628|5711|0|0|0|
1924|1662810623.067528|2022-09-10 13:50:23.067528+02|16384|test|33|561369020|0|1153143|3095205837|692503085|681672248|129681220|119680260|0|0|1|200417280|0|||0|0|91333051.84|49923586.629|12295171.022|5713|0|0|0|
1925|1662810624.083117|2022-09-10 13:50:24.083117+02|16384|test|33|561436059|0|1153547|3095945575|692637402|681806530|129748255|119747295|0|0|1|200417280|0|||0|0|91365067.338|49944143.617|12302087.648|5715|0|0|0|
1926|1662810625.097728|2022-09-10 13:50:25.097728+02|16384|test|33|561490464|0|1153989|3096546013|692746459|681915544|129802656|119801696|0|0|1|200417280|0|||0|0|91397082.049|49965949.383|12308221.21|5717|0|0|0|
1927|1662810626.112834|2022-09-10 13:50:26.112834+02|16384|test|33|561557772|0|1154211|3097288283|692881327|682050364|129869960|119869000|0|0|1|200417280|0|||0|0|91429098.6|49986463.828|12315168.624|5719|0|0|0|
1928|1662810627.128188|2022-09-10 13:50:27.128188+02|16384|test|33|561624969|0|1154573|3098029616|693015977|682184962|129937153|119936193|0|0|1|200417280|0|||0|0|91461114.391|50006959.343|12322130.774|5721|0|0|0|
1929|1662810628.144127|2022-09-10 13:50:28.144127+02|16384|test|33|561690854|0|1155441|3098757587|693147988|682316936|130003034|120002074|0|0|1|200417280|0|||0|0|91493130.904|50027548.734|12329041.784|5723|0|0|0|
1930|1662810629.159325|2022-09-10 13:50:29.159325+02|16384|test|33|561758174|0|1155441|3099499466|693282876|682451780|130070350|120069390|0|0|1|200417280|0|||0|0|91525146.758|50048043.445|12336000.635|5725|0|0|0|
1931|1662810630.174043|2022-09-10 13:50:30.174043+02|16384|test|33|561808176|0|1155786|3100050143|693383118|682551988|130118768|120119388|0|0|1|200417280|0|||0|0|91557164.048|50070647.891|12341683.751|5727|0|0|0|
1932|1662810631.189178|2022-09-10 13:50:31.189178+02|16384|test|33|561875622|0|1156230|3100796085|693518259|682687084|130187790|120186830|0|0|1|200417280|0|||0|0|91589178.83|50091211.785|12348582.585|5729|0|0|0|
1933|1662810632.204533|2022-09-10 13:50:32.204533+02|16384|test|33|561942945|0|1156659|3101539436|693653159|682821934|130255109|120254149|0|0|1|200417280|0|||0|0|91621194.024|50111707.323|12355548.752|5731|0|0|0|
1934|1662810633.219986|2022-09-10 13:50:33.219986+02|16384|test|33|562010414|0|1157065|3102283941|693788354|682957076|130322574|120321614|0|0|1|200417280|0|||0|0|91653211.045|50132235.253|12362476.001|5733|0|0|0|
1935|1662810634.235530|2022-09-10 13:50:34.23553+02|16384|test|33|562077527|0|1157611|3103024939|693922826|683091506|130389683|120388723|0|0|1|200417280|0|||0|0|91685229.075|50152792.764|12369396.208|5735|0|0|0|
1936|1662810635.250389|2022-09-10 13:50:35.250389+02|16384|test|33|562129497|0|1157873|3103598357|694027011|683195650|130441649|120440689|0|0|1|200417280|0|||0|0|91717260.638|50175139.42|12375301.307|5737|0|0|0|
1937|1662810636.265905|2022-09-10 13:50:36.265905+02|16384|test|33|562187852|0|1158255|3104242176|694143963|683312564|130500000|120499040|0|0|1|200417280|0|||0|0|91749277.842|50197166.153|12381282.453|5739|0|0|0|
1938|1662810637.281450|2022-09-10 13:50:37.28145+02|16384|test|33|562255476|0|1158641|3104988669|694279467|683448016|130567620|120566660|0|0|1|200417280|0|||0|0|91781294.719|50217725.658|12388185.39|5741|0|0|0|
1939|1662810638.296510|2022-09-10 13:50:38.29651+02|16384|test|33|562322624|0|1159083|3105729435|694414021|683582516|130634764|120633804|0|0|1|200417280|0|||0|0|91813310.768|50238357.708|12395046.336|5743|0|0|0|
1940|1662810639.310826|2022-09-10 13:50:39.310826+02|16384|test|33|562390329|0|1159473|3106477211|694549672|683718130|130702465|120701505|0|0|1|200417280|0|||0|0|91845326.107|50258874.732|12401983.379|5745|0|0|0|
1941|1662810640.325476|2022-09-10 13:50:40.325476+02|16384|test|33|562444420|0|1159818|3107057762|694654692|683823122|130756552|120753937|0|0|1|200417280|0|||0|0|91877350.045|50281189.599|12407790.58|5747|0|0|0|
1942|1662810641.340981|2022-09-10 13:50:41.340981+02|16384|test|33|562489229|0|1160260|3107569233|694747942|683916338|130801357|120800397|0|0|1|200417280|0|||0|0|91909366.835|50305239.319|12412557.724|5749|0|0|0|
1943|1662810642.356701|2022-09-10 13:50:42.356701+02|16384|test|33|562550165|0|1160684|3108272004|694871081|684038568|130862285|120861329|0|0|1|200417280|0|||0|0|91941382.296|50326877.246|12418812.33|5751|0|0|0|
1944|1662810643.372126|2022-09-10 13:50:43.372126+02|16384|test|33|562608455|0|1160961|3108922157|694989313|684155736|130920571|120919615|0|0|1|200417280|0|||0|0|91973397.728|50348998.886|12424749.582|5753|0|0|0|
1945|1662810644.387635|2022-09-10 13:50:44.387635+02|16384|test|33|562675887|0|1161627|3109666883|695124437|684290804|130987999|120987043|0|0|1|200417280|0|||0|0|92005413.153|50369564.757|12431657.987|5755|0|0|0|
1946|1662810645.403436|2022-09-10 13:50:45.403436+02|16384|test|33|562736633|0|1161909|3110336996|695246180|684412500|131048741|121047785|0|0|1|200417280|0|||0|0|92037434.476|50390947.155|12438047.155|5757|0|0|0|
1947|1662810646.418411|2022-09-10 13:50:46.418411+02|16384|test|33|562797522|0|1162423|3111008863|695368200|684534482|131109626|121108670|0|0|1|200417280|0|||0|0|92069451.882|50412266.014|12444519.964|5759|0|0|0|
1948|1662810647.433690|2022-09-10 13:50:47.43369+02|16384|test|33|562865266|0|1162665|3111747652|695503942|684670174|131177366|121174308|0|0|1|200417280|0|||0|0|92101466.814|50432827.915|12451419.752|5761|0|0|0|
1949|1662810648.449269|2022-09-10 13:50:48.449269+02|16384|test|33|562932857|0|1163049|3112501927|695639387|684805560|131244953|121243997|0|0|1|200417280|0|||0|0|92133482.508|50453379.054|12458327.238|5763|0|0|0|
1950|1662810649.464962|2022-09-10 13:50:49.464962+02|16384|test|33|563000296|0|1163557|3113246680|695774512|684940642|131312388|121311432|0|0|1|200417280|0|||0|0|92165500.93|50473948.756|12465233.68|5765|0|0|0|
1951|1662810650.479950|2022-09-10 13:50:50.47995+02|16384|test|33|563064377|0|1163882|3113933304|695902919|685069008|131372408|121371484|0|0|1|200417280|0|||0|0|92197969.555|50495223.25|12471997.76|5767|0|0|0|
1952|1662810651.495820|2022-09-10 13:50:51.49582+02|16384|test|33|563122347|0|1164346|3114582504|696015377|685181428|131434431|121433475|0|0|1|200417280|0|||0|0|92229988.957|50516877.867|12478261.495|5769|0|0|0|
1953|1662810652.511745|2022-09-10 13:50:52.511745+02|16384|test|33|563188818|0|1164688|3115324787|696152298|685318298|131498832|121499942|0|0|1|200417280|0|||0|0|92262008.61|50537447.958|12485189.547|5771|0|0|0|
1954|1662810653.526355|2022-09-10 13:50:53.526355+02|16384|test|33|563256086|0|1165092|3116069102|696287082|685453038|131568162|121567206|0|0|1|200417280|0|||0|0|92294023.176|50558032.496|12492085.454|5773|0|0|0|
1955|1662810654.541826|2022-09-10 13:50:54.541826+02|16384|test|33|563323524|0|1165456|3116800674|696418018|685583920|131635596|121634640|0|0|1|200417280|0|||0|0|92326039.915|50578573.915|12499006.331|5775|0|0|0|
1956|1662810655.556330|2022-09-10 13:50:55.55633+02|16384|test|33|563390259|0|1166100|3117547839|696555940|685721792|131700275|121701371|0|0|1|200417280|0|||0|0|92358055.376|50599228.844|12505862.508|5777|0|0|0|
1957|1662810656.571769|2022-09-10 13:50:56.571769+02|16384|test|33|563442550|0|1166362|3118125126|696660758|685826578|131752932|121753658|0|0|1|200417280|0|||0|0|92389070.592|50620696.521|12511623.943|5779|0|0|0|
1958|1662810657.587086|2022-09-10 13:50:57.587086+02|16384|test|33|563512035|0|1166669|3118891826|696799983|685965752|131822002|121823139|0|0|1|200417280|0|||0|0|92422119.692|50641965.276|12518721.592|5781|0|0|0|
1959|1662810658.601998|2022-09-10 13:50:58.601998+02|16384|test|33|563647022|0|1167534|3120382727|697070267|686235930|131959078|121958122|0|0|1|200417280|0|||0|0|92486143.917|50683048.992|12532572.309|5783|0|0|0|
1960|1662810659.617092|2022-09-10 13:50:59.617092+02|16384|test|33|563712284|0|1168219|3121090481|697196718|686362316|132024336|122023380|0|0|1|200417280|0|||0|0|92517157.681|50702992.717|12539245.683|5785|0|0|0|
1961|1662810660.632274|2022-09-10 13:51:00.632274+02|16384|test|33|563768973|0|1168403|3121718654|697311288|686476850|132081021|122080065|0|0|1|200417280|0|||0|0|92550174.813|50725467.092|12545681.884|5787|0|0|0|
1962|1662810661.647203|2022-09-10 13:51:01.647203+02|16384|test|33|563836587|0|1168811|3122475296|697450150|686615672|132148631|122147675|0|0|1|200417280|0|||0|0|92582191.664|50746055.313|12552566.132|5789|0|0|0|
1963|1662810662.662794|2022-09-10 13:51:02.662794+02|16384|test|33|563903982|0|1169195|3123218986|697585196|686750666|132216022|122215066|0|0|1|200417280|0|||0|0|92614206|50766613.527|12559472.397|5791|0|0|0|
1964|1662810663.677939|2022-09-10 13:51:03.677939+02|16384|test|33|563971138|0|1169700|3123958188|697719750|686885182|132281088|122282218|0|0|1|200417280|0|||0|0|92646222.425|50787222.707|12566359.728|5793|0|0|0|
1965|1662810664.693302|2022-09-10 13:51:04.693302+02|16384|test|33|564038422|0|1170191|3124703595|697854565|687019954|132350454|122349498|0|0|1|200417280|0|||0|0|92678239.709|50807741.144|12573306.429|5795|0|0|0|
1966|1662810665.709105|2022-09-10 13:51:05.709105+02|16384|test|33|564092660|0|1170573|3125302123|697963290|687128634|132404688|122403732|0|0|1|200417280|0|||0|0|92710255.283|50829679.125|12579372.304|5797|0|0|0|
1967|1662810666.724192|2022-09-10 13:51:06.724192+02|16384|test|33|564159865|0|1171097|3126043891|698097954|687263248|132471889|122470933|0|0|1|200417280|0|||0|0|92742273.259|50850296.918|12586249.5|5799|0|0|0|
1968|1662810667.739686|2022-09-10 13:51:07.739686+02|16384|test|33|564227462|0|1171299|3126787180|698233395|687398646|132537396|122538526|0|0|1|200417280|0|||0|0|92774287.828|50870754.293|12593237.833|5801|0|0|0|
1969|1662810668.755389|2022-09-10 13:51:08.755389+02|16384|test|33|564294645|0|1171723|3127530694|698368011|687533216|132606661|122605705|0|0|1|200417280|0|||0|0|92806305.544|50891291.618|12600171.3|5803|0|0|0|
1970|1662810669.771087|2022-09-10 13:51:09.771087+02|16384|test|33|564362049|0|1172210|3128275150|698503066|687668228|132674061|122673105|0|0|1|200417280|0|||0|0|92838322.437|50911855.047|12607081.355|5805|0|0|0|
1971|1662810670.786430|2022-09-10 13:51:10.78643+02|16384|test|33|564415870|0|1172614|3128869288|698610935|687776074|132727878|122726922|0|0|1|200417280|0|||0|0|92870336.655|50933782.71|12613184.087|5807|0|0|0|
1972|1662810671.801271|2022-09-10 13:51:11.801271+02|16384|test|33|564480837|0|1172936|3129585882|698741115|687906212|132792841|122791885|0|0|1|200417280|0|||0|0|92901352.835|50953778.869|12619826.771|5809|0|0|0|
1973|1662810672.816675|2022-09-10 13:51:12.816675+02|16384|test|33|564550171|0|1173502|3130351348|698880027|688045084|132862171|122861215|0|0|1|200417280|0|||0|0|92934373.396|50974988.335|12626959.54|5811|0|0|0|
1974|1662810673.831759|2022-09-10 13:51:13.831759+02|16384|test|33|564617370|0|1173964|3131092668|699014669|688179686|132929366|122928410|0|0|1|200417280|0|||0|0|92966389.514|50995577.267|12633853.984|5813|0|0|0|
1975|1662810674.847163|2022-09-10 13:51:14.847163+02|16384|test|33|564684468|0|1174366|3131832874|699149126|688314086|132996460|122995504|0|0|1|200417280|0|||0|0|92998405.847|51016156.707|12640756.824|5815|0|0|0|
1976|1662810675.862189|2022-09-10 13:51:15.862189+02|16384|test|33|564739395|0|1174880|3132439107|699259216|688424144|133051383|123050427|0|0|1|200417280|0|||0|0|93030422.161|51037903.262|12646997.6|5817|0|0|0|
1977|1662810676.877673|2022-09-10 13:51:16.877673+02|16384|test|33|564806812|0|1175242|3133161739|699390160|688555042|133118796|123115693|0|0|1|200417280|0|||0|0|93062439.474|51058417.164|12653936.268|5819|0|0|0|
1978|1662810677.893293|2022-09-10 13:51:17.893293+02|16384|test|33|564874424|0|1175444|3133928353|699529778|688694610|133186404|123185448|0|0|1|200417280|0|||0|0|93094454.261|51078866.298|12660926.672|5821|0|0|0|
1979|1662810678.908437|2022-09-10 13:51:18.908437+02|16384|test|33|564941856|0|1175848|3134672488|699664901|688829678|133253832|123252876|0|0|1|200417280|0|||0|0|93126469.295|51099345.214|12667903.833|5823|0|0|0|
1980|1662810679.923646|2022-09-10 13:51:19.923646+02|16384|test|33|565009077|0|1176439|3135415452|699799595|688964324|133321049|123320093|0|0|1|200417280|0|||0|0|93158486.243|51119863.356|12674854.525|5825|0|0|0|
1981|1662810680.938799|2022-09-10 13:51:20.938799+02|16384|test|33|565063470|0|1176601|3136015419|699908621|689073314|133375438|123374482|0|0|1|200417280|0|||0|0|93189510.572|51140715.665|12681033.538|5827|0|0|0|
1982|1662810681.953748|2022-09-10 13:51:21.953748+02|16384|test|33|565129393|0|1177125|3136743037|700040728|689205364|133441357|123440401|0|0|1|200417280|0|||0|0|93221526.829|51161479.856|12687814.229|5829|0|0|0|
1983|1662810682.969349|2022-09-10 13:51:22.969349+02|16384|test|33|565196861|0|1177409|3137485260|700175906|689340504|133506699|123507865|0|0|1|200417280|0|||0|0|93253541.531|51181999.052|12694750.145|5831|0|0|0|
1984|1662810683.985132|2022-09-10 13:51:23.985132+02|16384|test|33|565265233|0|1177853|3138242037|700312893|689477452|133577189|123576233|0|0|1|200417280|0|||0|0|93286558.849|51203185.665|12701909.183|5833|0|0|0|
1985|1662810685.000441|2022-09-10 13:51:25.000441+02|16384|test|33|565332005|0|1178319|3138979197|700446681|689611200|133643957|123643001|0|0|1|200417280|0|||0|0|93318575.116|51223717.308|12708860.817|5835|0|0|0|
1986|1662810686.015769|2022-09-10 13:51:26.015769+02|16384|test|33|565390347|0|1178701|3139622902|700563614|689728088|133702295|123701339|0|0|1|200417280|0|||0|0|93350609.656|51245258.659|12715216.007|5837|0|0|0|
1987|1662810687.031084|2022-09-10 13:51:27.031084+02|16384|test|33|565455437|0|1179063|3140340926|700694051|689858472|133767381|123766425|0|0|1|200417280|0|||0|0|93382624.689|51266084.227|12721968.369|5839|0|0|0|
1988|1662810688.046542|2022-09-10 13:51:28.046542+02|16384|test|33|565522618|0|1179568|3141082421|700828662|689993038|133834558|123833602|0|0|1|200417280|0|||0|0|93414642.673|51286674.223|12728862.707|5841|0|0|0|
1989|1662810689.061882|2022-09-10 13:51:29.061882+02|16384|test|33|565589864|0|1179952|3141824470|700963388|690127734|133901800|123900844|0|0|1|200417280|0|||0|0|93446659.025|51307224.352|12735778.467|5843|0|0|0|
1990|1662810690.077505|2022-09-10 13:51:30.077505+02|16384|test|33|565656960|0|1180537|3142565319|701097818|690262130|133968892|123967936|0|0|1|200417280|0|||0|0|93478675.745|51327790.751|12742692.226|5845|0|0|0|
1991|1662810691.092832|2022-09-10 13:51:31.092832+02|16384|test|33|565717253|0|1180763|3143230852|701218640|690382920|134029181|124028225|0|0|1|200417280|0|||0|0|93510704.015|51349044.484|12749192.285|5847|0|0|0|
1992|1662810692.107966|2022-09-10 13:51:32.107966+02|16384|test|33|565784248|0|1181267|3143970227|701352879|690517114|134096172|124095216|0|0|1|200417280|0|||0|0|93542719.834|51369581.23|12756126.412|5849|0|0|0|
1993|1662810693.123290|2022-09-10 13:51:33.12329+02|16384|test|33|565850705|0|1181629|3144703264|701486043|690650232|134162625|124161669|0|0|1|200417280|0|||0|0|93574735.409|51390091.315|12763091.347|5851|0|0|0|
1994|1662810694.138791|2022-09-10 13:51:34.138791+02|16384|test|33|565917926|0|1182277|3145433096|701616486|690780646|134229842|124228886|0|0|1|200417280|0|||0|0|93606798.182|51410623.08|12770062.879|5853|0|0|0|
1995|1662810695.154063|2022-09-10 13:51:35.154063+02|16384|test|33|565985106|0|1182499|3146186682|701755315|690919442|134297018|124296062|0|0|1|200417280|0|||0|0|93638813.798|51431076.424|12777065.735|5855|0|0|0|
1996|1662810696.169042|2022-09-10 13:51:36.169042+02|16384|test|33|566051369|0|1183045|3146918339|701888091|691052172|134363277|124362321|0|0|1|200417280|0|||0|0|93670851.429|51451656.939|12784007.31|5857|0|0|0|
1997|1662810697.184418|2022-09-10 13:51:37.184418+02|16384|test|33|566110510|0|1183431|3147571301|702006614|691170658|134422414|124421458|0|0|1|200417280|0|||0|0|93701869.135|51472042.23|12790410.709|5859|0|0|0|
1998|1662810698.200321|2022-09-10 13:51:38.200321+02|16384|test|33|566179794|0|1183855|3148335857|702145424|691309430|134491694|124490738|0|0|1|200417280|0|||0|0|93734886.342|51493220.712|12797555.258|5861|0|0|0|
1999|1662810699.216138|2022-09-10 13:51:39.216138+02|16384|test|33|566246940|0|1184364|3149077353|702279956|691443926|134558836|124557880|0|0|1|200417280|0|||0|0|93766904.619|51513710.929|12804524.541|5863|0|0|0|
2000|1662810700.231468|2022-09-10 13:51:40.231468+02|16384|test|33|566314072|0|1184528|3149818219|702414463|691578394|134625964|124625008|0|0|1|200417280|0|||0|0|93798921.85|51534205.926|12811493.82|5865|0|0|0|
2001|1662810701.246485|2022-09-10 13:51:41.246485+02|16384|test|33|566380992|0|1185272|3150557047|702548552|691712438|134692880|124691924|0|0|1|200417280|0|||0|0|93830936.46|51554761.647|12818425.616|5867|0|0|0|
2002|1662810702.261290|2022-09-10 13:51:42.26129+02|16384|test|34|566440573|0|1185514|3151214234|702667959|691831804|134752457|124751501|0|0|1|200417280|0|||0|0|93862951.722|51576008.572|12824916.03|5869|0|0|0|
2003|1662810703.276805|2022-09-10 13:51:43.276805+02|16384|test|33|566506551|0|1185911|3152019407|702804239|691964574|134818425|124817479|0|0|1|200417280|0|||0|0|93894967.545|51596509.287|12831883.297|5871|0|0|0|
2004|1662810704.292230|2022-09-10 13:51:44.29223+02|16384|test|33|566572993|0|1186396|3152762764|702939273|692097950|134884863|124883917|0|0|1|200417280|0|||0|0|93926983.42|51617094.346|12838784.527|5873|0|0|0|
2005|1662810705.307833|2022-09-10 13:51:45.307833+02|16384|test|33|566640414|0|1186680|3153506611|703074381|692232996|134952280|124951334|0|0|1|200417280|0|||0|0|93959000.423|51637568.314|12845762.484|5875|0|0|0|
2006|1662810706.322896|2022-09-10 13:51:46.322896+02|16384|test|33|566707059|0|1187516|3154242581|703207943|692366490|135018921|125017975|0|0|1|200417280|0|||0|0|93991016.545|51658155.246|12852671.663|5877|0|0|0|
2007|1662810707.338774|2022-09-10 13:51:47.338774+02|16384|test|33|566767182|0|1187516|3154905332|703328470|692486940|135079040|125078094|0|0|1|200417280|0|||0|0|94023034.373|51679322.067|12859243.672|5879|0|0|0|
2008|1662810708.353903|2022-09-10 13:51:48.353903+02|16384|test|33|566834356|0|1187942|3155646932|703463088|692621492|135146210|125145264|0|0|1|200417280|0|||0|0|94055052.115|51699801.654|12866224.976|5881|0|0|0|
2009|1662810709.369099|2022-09-10 13:51:49.369099+02|16384|test|33|566901314|0|1188429|3156386538|703597280|692755612|135213164|125212218|0|0|1|200417280|0|||0|0|94087068.092|51720335.667|12873166.428|5883|0|0|0|
2010|1662810710.384692|2022-09-10 13:51:50.384692+02|16384|test|33|566968482|0|1188751|3157127411|703731890|692890152|135280328|125279382|0|0|1|200417280|0|||0|0|94119083.761|51740794.712|12880159.422|5885|0|0|0|
2011|1662810711.399398|2022-09-10 13:51:51.399398+02|16384|test|33|567034990|0|1189455|3157861693|703865175|693023372|135346832|125345886|0|0|1|200417280|0|||0|0|94151098.61|51761363.977|12887090.134|5887|0|0|0|
2012|1662810712.414825|2022-09-10 13:51:52.414825+02|16384|test|33|567094569|0|1189797|3158519031|703984599|693142734|135406407|125405461|0|0|1|200417280|0|||0|0|94183115.847|51782337.425|12893849.071|5889|0|0|0|
2013|1662810713.430063|2022-09-10 13:51:53.430063+02|16384|test|33|567161669|0|1189999|3159258996|704119052|693277138|135473503|125472557|0|0|1|200417280|0|||0|0|94215128.378|51802851.268|12900791.27|5891|0|0|0|
2014|1662810714.445266|2022-09-10 13:51:54.445266+02|16384|test|33|567228663|0|1190483|3159998394|704253310|693411330|135540493|125539547|0|0|1|200417280|0|||0|0|94247143.889|51823385.821|12907731.978|5893|0|0|0|
2015|1662810715.460499|2022-09-10 13:51:55.460499+02|16384|test|33|567295614|0|1190887|3160737178|704387466|693545436|135607440|125606494|0|0|1|200417280|0|||0|0|94279159.802|51843901.662|12914686.33|5895|0|0|0|
2016|1662810716.475421|2022-09-10 13:51:56.475421+02|16384|test|33|567362564|0|1191393|3161476386|704521632|693679540|135674386|125673440|0|0|1|200417280|0|||0|0|94311175.151|51864412.032|12921648.042|5897|0|0|0|
2017|1662810717.490438|2022-09-10 13:51:57.490438+02|16384|test|33|567422698|0|1191940|3162140573|704642167|693800012|135734516|125733570|0|0|1|200417280|0|||0|0|94343190.355|51885624.682|12928168.327|5899|0|0|0|
2018|1662810718.505556|2022-09-10 13:51:58.505556+02|16384|test|33|567489597|0|1192322|3162878544|704776236|693934014|135801411|125800465|0|0|1|200417280|0|||0|0|94375207.691|51906215.027|12935057.75|5901|0|0|0|
2019|1662810719.521003|2022-09-10 13:51:59.521003+02|16384|test|33|567556467|0|1192705|3163616478|704910236|694067958|135868277|125867331|0|0|1|200417280|0|||0|0|94407224.539|51926790.337|12941966.622|5903|0|0|0|
2020|1662810720.536547|2022-09-10 13:52:00.536547+02|16384|test|33|567623251|0|1193030|3164353370|705044065|694201730|135935057|125934111|0|0|1|200417280|0|||0|0|94439239.67|51947348.81|12948881.859|5905|0|0|0|
2021|1662810721.551505|2022-09-10 13:52:01.551505+02|16384|test|33|567690416|0|1193452|3165094334|705178667|694336264|136002218|126001272|0|0|1|200417280|0|||0|0|94471253.381|51967840.541|12955843.528|5907|0|0|0|
2022|1662810722.566906|2022-09-10 13:52:02.566906+02|16384|test|33|567750497|0|1194016|3165757651|705299080|694456630|136062295|126061349|0|0|1|200417280|0|||0|0|94503269.207|51988945.486|12962450.204|5909|0|0|0|
2023|1662810723.582088|2022-09-10 13:52:03.582088+02|16384|test|33|567817363|0|1194338|3166495211|705433077|694590566|136129157|126128211|0|0|1|200417280|0|||0|0|94535286.244|52009499.497|12969373.608|5911|0|0|0|
2024|1662810724.597736|2022-09-10 13:52:04.597736+02|16384|test|33|567884173|0|1194620|3167232102|705566971|694724390|136195963|126195017|0|0|1|200417280|0|||0|0|94567303.235|52030030.801|12976324.621|5913|0|0|0|
2025|1662810725.613129|2022-09-10 13:52:05.613129+02|16384|test|33|567982424|0|1195391|3168316723|705763743|694921096|136294210|126293264|0|0|1|200417280|0|||0|0|94614322.547|52060188.096|12986525.119|5915|0|0|0|
2026|1662810726.628658|2022-09-10 13:52:06.628658+02|16384|test|33|568076517|0|1196289|3169355467|705952213|695109486|136388299|126387353|0|0|1|200417280|0|||0|0|94663344.037|52092529.613|12996602.692|5917|0|0|0|
2027|1662810727.644050|2022-09-10 13:52:07.64405+02|16384|test|33|568143779|0|1196289|3170096745|706087001|695244214|136455557|126454611|0|0|1|200417280|0|||0|0|94695358.168|52112985.894|13003589.388|5919|0|0|0|
2028|1662810728.659349|2022-09-10 13:52:08.659349+02|16384|test|33|568210749|0|1196837|3170836534|706221208|695378358|136522523|126521577|0|0|1|200417280|0|||0|0|94727375.734|52133470.39|13010569.857|5921|0|0|0|
2029|1662810729.674578|2022-09-10 13:52:09.674578+02|16384|test|33|568277860|0|1197159|3171576801|706355704|695512784|136589630|126588684|0|0|1|200417280|0|||0|0|94759390.031|52153975.676|13017526.668|5923|0|0|0|
2030|1662810730.690789|2022-09-10 13:52:10.690789+02|16384|test|33|568344807|0|1197603|3172315681|706489866|695646882|136656573|126655627|0|0|1|200417280|0|||0|0|94791407.705|52174464.101|13024502.158|5925|0|0|0|
2031|1662810731.705884|2022-09-10 13:52:11.705884+02|16384|test|33|568404504|0|1198047|3172974662|706609504|695766480|136716266|126715320|0|0|1|200417280|0|||0|0|94823422.859|52195571.425|13031116.397|5927|0|0|0|
2032|1662810732.720717|2022-09-10 13:52:12.720717+02|16384|test|33|568471439|0|1198653|3173713831|706743643|695900554|136783197|126782251|0|0|1|200417280|0|||0|0|94855437.555|52216103.641|13038052.779|5929|0|0|0|
2033|1662810733.736504|2022-09-10 13:52:13.736504+02|16384|test|33|568536679|0|1198915|3174431150|706874369|696031238|136846287|126847487|0|0|1|200417280|0|||0|0|94886452.871|52235937.587|13044810.827|5931|0|0|0|
2034|1662810734.751958|2022-09-10 13:52:14.751958+02|16384|test|33|568605849|0|1199177|3175196190|707012968|696169782|136917599|126916653|0|0|1|200417280|0|||0|0|94919472.66|52257115.004|13051960.621|5933|0|0|0|
2035|1662810735.767676|2022-09-10 13:52:15.767676+02|16384|test|33|568672362|0|1199865|3175930974|707146243|696303012|136984108|126983162|0|0|1|200417280|0|||0|0|94951489.409|52277706.111|13058862.865|5935|0|0|0|
2036|1662810736.783056|2022-09-10 13:52:16.783056+02|16384|test|33|568736300|0|1200047|3176636108|707274371|696431092|137048042|127047096|0|0|1|200417280|0|||0|0|94983544.534|52298338.999|13065778.066|5937|0|0|0|
2037|1662810737.797381|2022-09-10 13:52:17.797381+02|16384|test|33|568797500|0|1200395|3177309972|707397031|696553696|137107233|127108292|0|0|1|200417280|0|||0|0|95014557.879|52318765.081|13072163.4|5939|0|0|0|
2038|1662810738.813127|2022-09-10 13:52:18.813127+02|16384|test|33|568866344|0|1200862|3178072235|707534980|696691588|137178078|127177132|0|0|1|200417280|0|||0|0|95047575.633|52339934.874|13079325.025|5941|0|0|0|
2039|1662810739.828296|2022-09-10 13:52:19.828296+02|16384|test|33|568933188|0|1201446|3178810113|707668931|696825480|137244918|127243972|0|0|1|200417280|0|||0|0|95079592.18|52360487.239|13086248.767|5943|0|0|0|
2040|1662810740.843911|2022-09-10 13:52:20.843911+02|16384|test|33|569000087|0|1201688|3179547897|707802988|696959482|137311813|127310867|0|0|1|200417280|0|||0|0|95111610.275|52380963.895|13093235.696|5945|0|0|0|
2041|1662810741.859686|2022-09-10 13:52:21.859686+02|16384|test|33|569066685|0|1202334|3180283294|707936456|697092882|137378407|127377461|0|0|1|200417280|0|||0|0|95143625.26|52401539.301|13100145.431|5947|0|0|0|
2042|1662810742.875212|2022-09-10 13:52:22.875212+02|16384|test|33|569125811|0|1202598|3180935784|708054956|697211338|137437529|127436583|0|0|1|200417280|0|||0|0|95175641.513|52422889.119|13106592.059|5949|0|0|0|
2043|1662810743.890427|2022-09-10 13:52:23.890427+02|16384|test|33|569192859|0|1202942|3181675578|708189314|697345638|137504573|127503627|0|0|1|200417280|0|||0|0|95207656.227|52443379.179|13113562.399|5951|0|0|0|
2044|1662810744.906183|2022-09-10 13:52:24.906183+02|16384|test|33|569259856|0|1203326|3182414919|708323558|697479836|137571566|127570620|0|0|1|200417280|0|||0|0|95239672.943|52463872.172|13120534.356|5953|0|0|0|
2045|1662810745.921890|2022-09-10 13:52:25.92189+02|16384|test|33|569324430|0|1203748|3183125202|708452959|697609188|137634014|127635190|0|0|1|200417280|0|||0|0|95270691.721|52483754.768|13127265.796|5955|0|0|0|
2046|1662810746.936892|2022-09-10 13:52:26.936892+02|16384|test|33|569393324|0|1204255|3183887916|708591011|697747180|137705026|127704080|0|0|1|200417280|0|||0|0|95303707.388|52504970.8|13134397.517|5957|0|0|0|
2047|1662810747.952225|2022-09-10 13:52:27.952225+02|16384|test|33|569452378|0|1204760|3184539876|708709373|697865492|137764076|127763130|0|0|1|200417280|0|||0|0|95335723.153|52526261.764|13140828.211|5959|0|0|0|
2048|1662810748.967984|2022-09-10 13:52:28.967984+02|16384|test|33|569519338|0|1205204|3185279172|708843551|697999616|137831032|127830086|0|0|1|200417280|0|||0|0|95367741.202|52546786.843|13147772.4|5961|0|0|0|
2049|1662810749.983285|2022-09-10 13:52:29.983285+02|16384|test|33|569585510|0|1205446|3186008961|708976146|698132164|137897200|127896254|0|0|1|200417280|0|||0|0|95399759.347|52567278.851|13154752.566|5963|0|0|0|
2050|1662810750.998803|2022-09-10 13:52:30.998803+02|16384|test|33|569652507|0|1205870|3186748331|709110412|698266362|137964193|127963247|0|0|1|200417280|0|||0|0|95431775.684|52587769.43|13161719.444|5965|0|0|0|
2051|1662810752.013841|2022-09-10 13:52:32.013841+02|16384|test|33|569719201|0|1206354|3187484460|709244059|698399954|138030883|128029937|0|0|1|200417280|0|||0|0|95463790.017|52608299.267|13168669.13|5967|0|0|0|
2052|1662810753.028512|2022-09-10 13:52:33.028512+02|16384|test|33|569778223|0|1206718|3188135836|709362353|698518202|138089901|128088955|0|0|1|200417280|0|||0|0|95495803.338|52629504.631|13175274.43|5969|0|0|0|
2053|1662810754.044375|2022-09-10 13:52:34.044375+02|16384|test|33|569845194|0|1207162|3188874953|709496562|698652348|138156868|128155922|0|0|1|200417280|0|||0|0|95527817.717|52650069.6|13182182.344|5971|0|0|0|
2054|1662810755.059612|2022-09-10 13:52:35.059612+02|16384|test|33|569912200|0|1207546|3189614322|709630831|698786564|138223870|128222924|0|0|1|200417280|0|||0|0|95559832.355|52670593.637|13189128.026|5973|0|0|0|
2055|1662810756.074409|2022-09-10 13:52:36.074409+02|16384|test|33|569978980|0|1207952|3190351514|709764653|698920328|138290646|128289700|0|0|1|200417280|0|||0|0|95591850.116|52691174.94|13196030.932|5975|0|0|0|
2056|1662810757.088912|2022-09-10 13:52:37.088912+02|16384|test|33|570046010|0|1208396|3191091281|709898965|699054592|138357672|128356726|0|0|1|200417280|0|||0|0|95623865.681|52711674.451|13202996.803|5977|0|0|0|
2057|1662810758.102869|2022-09-10 13:52:38.102869+02|16384|test|33|570105312|0|1208863|3191746469|710017817|699173400|138416970|128416024|0|0|1|200417280|0|||0|0|95655881.623|52733006.29|13209422.898|5979|0|0|0|
2058|1662810759.118399|2022-09-10 13:52:39.118399+02|16384|test|33|570171710|0|1209350|3192479552|710150870|699306400|138483364|128482418|0|0|1|200417280|0|||0|0|95687899.663|52753489.319|13216403.192|5981|0|0|0|
2059|1662810760.133653|2022-09-10 13:52:40.133653+02|16384|test|33|570238869|0|1209694|3193220617|710285442|699440922|138550519|128549573|0|0|1|200417280|0|||0|0|95719915.127|52774001.646|13223346.701|5983|0|0|0|
2060|1662810761.148664|2022-09-10 13:52:41.148664+02|16384|test|33|570303739|0|1210116|3193936270|710415441|699570866|138615385|128614439|0|0|1|200417280|0|||0|0|95750930.319|52793814.221|13230136.596|5985|0|0|0|
2061|1662810762.185948|2022-09-10 13:52:42.185948+02|16384|test|33|570372772|0|1210640|3194728372|710554798|699709290|138684410|128683468|0|0|1|200417280|0|||0|0|95783950.419|52815004.263|13237276.885|5987|0|0|0|
2062|1662810763.202625|2022-09-10 13:52:43.202625+02|16384|test|33|570431700|0|1210986|3195387073|710674539|699827734|138743334|128742392|0|0|1|200417280|0|||0|0|95815966.623|52836204.24|13243760.804|5989|0|0|0|
2063|1662810764.217978|2022-09-10 13:52:44.217978+02|16384|test|33|570498639|0|1211550|3196125956|710808681|699961816|138810269|128809327|0|0|1|200417280|0|||0|0|95847982.208|52856732.992|13250704.498|5991|0|0|0|
2064|1662810765.233543|2022-09-10 13:52:45.233543+02|16384|test|33|570565748|0|1211752|3196866114|710943163|700096238|138877374|128876432|0|0|1|200417280|0|||0|0|95880000.792|52877197.592|13257692.807|5993|0|0|0|
2065|1662810766.248869|2022-09-10 13:52:46.248869+02|16384|test|33|570632617|0|1212240|3197604601|711077143|700230180|138944239|128943297|0|0|1|200417280|0|||0|0|95912019.423|52897784.539|13264592.821|5995|0|0|0|
2066|1662810767.264154|2022-09-10 13:52:47.264154+02|16384|test|33|570699295|0|1212622|3198340157|711210758|700363740|139010913|129009971|0|0|1|200417280|0|||0|0|95944034.36|52918338.082|13271522.202|5997|0|0|0|
2067|1662810768.281436|2022-09-10 13:52:48.281436+02|16384|test|33|570758062|0|1213227|3198989339|711328544|700481478|139069676|129068734|0|0|1|200417280|0|||0|0|95976049.016|52939562.411|13278039.721|5999|0|0|0|
2068|1662810769.296862|2022-09-10 13:52:49.296862+02|16384|test|33|570825341|0|1213449|3199731388|711463373|700616240|139136951|129136009|0|0|1|200417280|0|||0|0|96008066.545|52960068.607|13284985.664|6001|0|0|0|
2069|1662810770.312514|2022-09-10 13:52:50.312514+02|16384|test|33|570892089|0|1213913|3200468059|711597129|700749940|139203695|129202753|0|0|1|200417280|0|||0|0|96040083.701|52980634.931|13291907.245|6003|0|0|0|
2070|1662810771.327805|2022-09-10 13:52:51.327805+02|16384|test|33|570959065|0|1214357|3201207235|711731342|700884096|139270667|129269725|0|0|1|200417280|0|||0|0|96072099.38|53001177.973|13298833.157|6005|0|0|0|
2071|1662810772.344735|2022-09-10 13:52:52.344735+02|16384|test|33|571025731|0|1215095|3201943586|711864942|701017632|139337329|129336387|0|0|1|200417280|0|||0|0|96104116.067|53021772.678|13305729.673|6007|0|0|0|
2072|1662810773.359847|2022-09-10 13:52:53.359847+02|16384|test|33|571085067|0|1215095|3202597584|711983871|701136508|139396661|129395719|0|0|1|200417280|0|||0|0|96136133.065|53042913.64|13312229.312|6009|0|0|0|
2073|1662810774.375334|2022-09-10 13:52:54.375334+02|16384|test|33|571151875|0|1215479|3203334764|712117735|701270328|139463465|129462523|0|0|1|200417280|0|||0|0|96168150.852|53063454.872|13319159.769|6011|0|0|0|
2074|1662810775.391257|2022-09-10 13:52:55.391257+02|16384|test|33|571218884|0|1215905|3204074529|712252022|701404550|139530470|129529528|0|0|1|200417280|0|||0|0|96200167.604|53083982.208|13326101.001|6013|0|0|0|
2075|1662810776.406425|2022-09-10 13:52:56.406425+02|16384|test|33|571285717|0|1216389|3204812172|712385947|701538420|139597299|129596357|0|0|1|200417280|0|||0|0|96232184.472|53104507.993|13333054.046|6015|0|0|0|
2076|1662810777.421922|2022-09-10 13:52:57.421922+02|16384|test|33|571352315|0|1216936|3205547493|712519393|701671820|139663893|129662951|0|0|1|200417280|0|||0|0|96264202.074|53125085.468|13339964.392|6017|0|0|0|
2077|1662810778.437524|2022-09-10 13:52:58.437524+02|16384|test|33|571413005|0|1217118|3206217104|712641025|701793404|139724579|129723637|0|0|1|200417280|0|||0|0|96296235.972|53146239.552|13346542.229|6019|0|0|0|
2078|1662810779.453355|2022-09-10 13:52:59.453355+02|16384|test|33|571478670|0|1217602|3206941869|712772618|701924938|139790240|129789298|0|0|1|200417280|0|||0|0|96328252.751|53166950.279|13353362.793|6021|0|0|0|
2079|1662810780.468134|2022-09-10 13:53:00.468134+02|16384|test|33|571545659|0|1218086|3207681253|712906863|702059120|139857225|129856283|0|0|1|200417280|0|||0|0|96360269.743|53187493.683|13360288.914|6023|0|0|0|
2080|1662810781.482962|2022-09-10 13:53:01.482962+02|16384|test|33|571612874|0|1218348|3208422550|713041545|702193754|139924436|129923494|0|0|1|200417280|0|||0|0|96392285.977|53208037.166|13367213.702|6025|0|0|0|
2081|1662810782.498471|2022-09-10 13:53:02.498471+02|16384|test|33|571679686|0|1218792|3209159863|713175423|702327582|139991244|129990302|0|0|1|200417280|0|||0|0|96424303.984|53228630.053|13374109.747|6027|0|0|0|
2082|1662810783.514296|2022-09-10 13:53:03.514296+02|16384|test|33|571743627|0|1219258|3209865708|713303564|702455668|140055181|130054239|0|0|1|200417280|0|||0|0|96455436.047|53248656.752|13380824.68|6029|0|0|0|
2083|1662810784.529634|2022-09-10 13:53:04.529634+02|16384|test|33|571804171|0|1219883|3210534215|713424911|702576960|140115721|130114779|0|0|1|200417280|0|||0|0|96487452.683|53269921.464|13387311.547|6031|0|0|0|
2084|1662810785.544946|2022-09-10 13:53:05.544946+02|16384|test|33|571873137|0|1220227|3211295150|713563092|702715096|140184683|130183741|0|0|1|200417280|0|||0|0|96520470.238|53291092.401|13394464.693|6033|0|0|0|
2085|1662810786.560109|2022-09-10 13:53:06.560109+02|16384|test|33|571939975|0|1220549|3212032381|713697019|702848976|140251517|130250575|0|0|1|200417280|0|||0|0|96552485.156|53311648.121|13401390.909|6035|0|0|0|
2086|1662810787.575499|2022-09-10 13:53:07.575499+02|16384|test|33|572006745|0|1220874|3212769155|713830819|702982720|140318283|130317341|0|0|1|200417280|0|||0|0|96584502.042|53332176.242|13408338.166|6037|0|0|0|
2087|1662810788.590805|2022-09-10 13:53:08.590805+02|16384|test|33|572073466|0|1221298|3213505445|713964507|703116366|140385000|130384058|0|0|1|200417280|0|||0|0|96616516.766|53352734.132|13415260.148|6039|0|0|0|
2088|1662810789.606245|2022-09-10 13:53:09.606245+02|16384|test|33|572132473|0|1221762|3214156814|714082768|703234584|140444003|130443061|0|0|1|200417280|0|||0|0|96648531.701|53374084.766|13421714.158|6041|0|0|0|
2089|1662810790.622341|2022-09-10 13:53:10.622341+02|16384|test|33|572199419|0|1222289|3214895983|714216920|703368680|140510945|130510003|0|0|1|200417280|0|||0|0|96680549.459|53394608.717|13428665.587|6043|0|0|0|
2090|1662810791.638801|2022-09-10 13:53:11.638801+02|16384|test|33|572309913|0|1222917|3216115010|714438176|703589872|140621435|130620493|0|0|1|200417280|0|||0|0|96733572.337|53428638.008|13440158.879|6045|0|0|0|
2091|1662810792.654837|2022-09-10 13:53:12.654837+02|16384|test|33|572399422|0|1223401|3217102487|714617457|703769094|140710940|130709998|0|0|1|200417280|0|||0|0|96776594.841|53456217.151|13449495.696|6047|0|0|0|
2092|1662810793.669525|2022-09-10 13:53:13.669525+02|16384|test|33|572454308|0|1224025|3217708626|714727474|703879070|140765822|130764880|0|0|1|200417280|0|||0|0|96808610.514|53478091.843|13455651.598|6049|0|0|0|
2093|1662810794.685099|2022-09-10 13:53:14.685099+02|16384|test|33|572521752|0|1224210|3218452599|714862617|704014162|140833262|130832320|0|0|1|200417280|0|||0|0|96840627.892|53498612.445|13462584.489|6051|0|0|0|
2094|1662810795.700274|2022-09-10 13:53:15.700274+02|16384|test|33|572588934|0|1224557|3219194200|714997221|704148730|140900440|130899498|0|0|1|200417280|0|||0|0|96872682.879|53519162.456|13469536.04|6053|0|0|0|
2095|1662810796.715258|2022-09-10 13:53:16.715258+02|16384|test|33|572656211|0|1225020|3219936596|715132021|704283488|140967713|130966771|0|0|1|200417280|0|||0|0|96904698.331|53539642.044|13476511.293|6055|0|0|0|
2096|1662810797.730673|2022-09-10 13:53:17.730673+02|16384|test|33|572722846|0|1225426|3220672172|715265534|704416962|141034344|131033402|0|0|1|200417280|0|||0|0|96936714.193|53560227.808|13483416.271|6057|0|0|0|
2097|1662810798.746272|2022-09-10 13:53:18.746272+02|16384|test|33|572780758|0|1226110|3221311741|715381603|704532990|141092252|131091310|0|0|1|200417280|0|||0|0|96968731.151|53581808.186|13489696.75|6059|0|0|0|
2098|1662810799.761777|2022-09-10 13:53:19.761777+02|16384|test|33|572848117|0|1226272|3222054561|715516572|704667912|141159607|131158665|0|0|1|200417280|0|||0|0|97000748.403|53602328.063|13496634.621|6061|0|0|0|
2099|1662810800.776996|2022-09-10 13:53:20.776996+02|16384|test|33|572915502|0|1226656|3222798004|715651602|704802886|141226988|131226046|0|0|1|200417280|0|||0|0|97032764.237|53622850.025|13503572.736|6063|0|0|0|
2100|1662810801.792219|2022-09-10 13:53:21.792219+02|16384|test|33|572982502|0|1227142|3223537856|715785866|704937090|141293984|131293042|0|0|1|200417280|0|||0|0|97064778.724|53643352.607|13510535.66|6065|0|0|0|
2101|1662810802.807717|2022-09-10 13:53:22.807717+02|16384|test|33|573049639|0|1227630|3224279250|715920394|705071568|141361117|131360175|0|0|1|200417280|0|||0|0|97096794.306|53663895.482|13517461.113|6067|0|0|0|
2102|1662810803.822906|2022-09-10 13:53:23.822906+02|16384|test|33|573104322|0|1227856|3224882922|716029998|705181138|141415796|131414854|0|0|1|200417280|0|||0|0|97128810.472|53685655.408|13523652.911|6069|0|0|0|
2103|1662810804.838666|2022-09-10 13:53:24.838666+02|16384|test|33|573171568|0|1228385|3225625626|716164735|705315834|141483038|131482096|0|0|1|200417280|0|||0|0|97160827.882|53706169.155|13530597.675|6071|0|0|0|
2104|1662810805.853989|2022-09-10 13:53:25.853989+02|16384|test|33|573238941|0|1228751|3226369234|716299732|705450784|141550407|131549465|0|0|1|200417280|0|||0|0|97192844.379|53726699.083|13537525.68|6073|0|0|0|
2105|1662810806.869738|2022-09-10 13:53:26.869738+02|16384|test|33|573305477|0|1229276|3227103644|716433055|705584060|141616939|131615997|0|0|1|200417280|0|||0|0|97224861.663|53747318.299|13544408.887|6075|0|0|0|
2106|1662810807.884770|2022-09-10 13:53:27.88477+02|16384|test|33|573372509|0|1229740|3227830597|716563108|705714054|141683967|131683025|0|0|1|200417280|0|||0|0|97256876.874|53767862.005|13551333.339|6077|0|0|0|
2107|1662810808.901109|2022-09-10 13:53:28.901109+02|16384|test|33|573427807|0|1230064|3228453591|716678222|705829128|141739261|131738319|0|0|1|200417280|0|||0|0|97288897.951|53789793.699|13557446.425|6079|0|0|0|
2108|1662810809.916475|2022-09-10 13:53:29.916475+02|16384|test|33|573494427|0|1230552|3229189502|716811715|705962572|141805877|131804935|0|0|1|200417280|0|||0|0|97320912.784|53810402.132|13564325.715|6081|0|0|0|
2109|1662810810.932189|2022-09-10 13:53:30.932189+02|16384|test|33|573561536|0|1230876|3229929996|716946192|706096994|141872982|131872040|0|0|1|200417280|0|||0|0|97352927.253|53830933.543|13571261.25|6083|0|0|0|
2110|1662810811.947889|2022-09-10 13:53:31.947889+02|16384|test|33|573628742|0|1231220|3230671551|717080850|706231610|141940184|131939242|0|0|1|200417280|0|||0|0|97384944.227|53851436.688|13578213.886|6085|0|0|0|
2111|1662810812.963015|2022-09-10 13:53:32.963015+02|16384|test|33|573695784|0|1231605|3231411438|717215174|706365898|142007222|132006280|0|0|1|200417280|0|||0|0|97416960.588|53871919.623|13585191.964|6087|0|0|0|
2112|1662810813.978476|2022-09-10 13:53:33.978476+02|16384|test|33|573753878|0|1231990|3232052779|717331597|706482290|142065312|132064370|0|0|1|200417280|0|||0|0|97448980.574|53893451.62|13591554.571|6089|0|0|0|
2113|1662810814.994214|2022-09-10 13:53:34.994214+02|16384|test|33|573817044|0|1232458|3232750387|717458185|706608826|142128474|132127532|0|0|1|200417280|0|||0|0|97480997.573|53914383.086|13598258.606|6091|0|0|0|
2114|1662810816.009509|2022-09-10 13:53:36.009509+02|16384|test|33|573883822|0|1232942|3233487387|717591998|706742586|142195248|132194306|0|0|1|200417280|0|||0|0|97513012.675|53934912.529|13605176.769|6093|0|0|0|
2115|1662810817.024521|2022-09-10 13:53:37.024521+02|16384|test|33|573950774|0|1233429|3234226622|717726148|706876694|142262196|132261254|0|0|1|200417280|0|||0|0|97545029.105|53955481.551|13612093.21|6095|0|0|0|
2116|1662810818.039741|2022-09-10 13:53:38.039741+02|16384|test|33|574017884|0|1233671|3234966757|717860626|707011118|142329302|132328360|0|0|1|200417280|0|||0|0|97577045.403|53975984.992|13619049.027|6097|0|0|0|
2117|1662810819.055222|2022-09-10 13:53:39.055222+02|16384|test|33|574078211|0|1234157|3235632695|717981529|707131976|142389625|132388683|0|0|1|200417280|0|||0|0|97609064.334|53997163.419|13625574.807|6099|0|0|0|
2118|1662810820.070869|2022-09-10 13:53:40.070869+02|16384|test|33|574139779|0|1234539|3236311926|718104913|707255316|142451189|132450247|0|0|1|200417280|0|||0|0|97641080.601|54018303.063|13632161.485|6101|0|0|0|
2119|1662810821.086171|2022-09-10 13:53:41.086171+02|16384|test|33|574206762|0|1235003|3237051169|718239122|707389486|142518168|132517226|0|0|1|200417280|0|||0|0|97673096.748|54038815.765|13639116.015|6103|0|0|0|
2120|1662810822.101204|2022-09-10 13:53:42.101204+02|16384|test|34|574274015|0|1235287|3237793202|718373864|707524196|142585417|132584475|0|0|1|200417280|0|||0|0|97705112.473|54059316.667|13646073.163|6105|0|0|0|
2121|1662810823.116534|2022-09-10 13:53:43.116534+02|16384|test|33|574340544|0|1235862|3238566627|718509823|707657996|142651938|132651000|0|0|1|200417280|0|||0|0|97737127.177|54079808.803|13653034.487|6107|0|0|0|
2122|1662810824.131233|2022-09-10 13:53:44.131233+02|16384|test|33|574404012|0|1236406|3239267243|718637019|707785136|142715402|132714464|0|0|1|200417280|0|||0|0|97769153.457|54100413.688|13659957.287|6109|0|0|0|
2123|1662810825.147203|2022-09-10 13:53:45.147203+02|16384|test|33|574461114|0|1236750|3239897561|718751466|707899544|142772500|132771562|0|0|1|200417280|0|||0|0|97801170.046|54122259.745|13666097.345|6111|0|0|0|
2124|1662810826.162320|2022-09-10 13:53:46.16232+02|16384|test|33|574528271|0|1236972|3240638264|718886040|708034062|142839653|132838715|0|0|1|200417280|0|||0|0|97833183.983|54142732.32|13673086.145|6113|0|0|0|
2125|1662810827.177401|2022-09-10 13:53:47.177401+02|16384|test|33|574595277|0|1237497|3241378019|719020298|708168278|142906655|132905717|0|0|1|200417280|0|||0|0|97865201.636|54163242.586|13680039.883|6115|0|0|0|
2126|1662810828.193141|2022-09-10 13:53:48.193141+02|16384|test|33|574662190|0|1238103|3242116868|719154378|708302308|142973564|132972626|0|0|1|200417280|0|||0|0|97897216.913|54183750.367|13687007.891|6117|0|0|0|
2127|1662810829.208962|2022-09-10 13:53:49.208962+02|16384|test|33|574729277|0|1238347|3242856988|719288808|708436686|143040647|133039709|0|0|1|200417280|0|||0|0|97929232.73|54204277.795|13693943.555|6119|0|0|0|
2128|1662810830.224933|2022-09-10 13:53:50.224933+02|16384|test|33|574783806|0|1238631|3243458798|719398106|708545948|143095172|133094234|0|0|1|200417280|0|||0|0|97961249.301|54226287.549|13699995.147|6121|0|0|0|
2129|1662810831.240496|2022-09-10 13:53:51.240496+02|16384|test|33|574851008|0|1239035|3244200353|719532771|708680556|143162370|133161432|0|0|1|200417280|0|||0|0|97993264.739|54246812.605|13706927.406|6123|0|0|0|
2130|1662810832.256519|2022-09-10 13:53:52.256519+02|16384|test|33|574916453|0|1239460|3244922698|719663916|708811650|143227811|133226873|0|0|1|200417280|0|||0|0|98025280.732|54267645.787|13713680.362|6125|0|0|0|
2131|1662810833.272027|2022-09-10 13:53:53.272027+02|16384|test|33|574980143|0|1240017|3245626088|719791552|708939234|143291497|133290559|0|0|1|200417280|0|||0|0|98057296.158|54288903.813|13720159.083|6127|0|0|0|
2132|1662810834.287398|2022-09-10 13:53:54.287398+02|16384|test|33|575047369|0|1240471|3246368112|719926266|709073890|143358719|133357781|0|0|1|200417280|0|||0|0|98089311.824|54309337.126|13727167.051|6129|0|0|0|
2133|1662810835.303345|2022-09-10 13:53:55.303345+02|16384|test|33|575101804|0|1241082|3246968594|720035380|709182964|143413150|133412212|0|0|1|200417280|0|||0|0|98121327.665|54331226.479|13733294.829|6131|0|0|0|
2134|1662810836.318818|2022-09-10 13:53:56.318818+02|16384|test|33|575169001|0|1241707|3247709597|720170026|709317562|143480343|133479405|0|0|1|200417280|0|||0|0|98153343.491|54351721.058|13740259.95|6133|0|0|0|
2135|1662810837.333084|2022-09-10 13:53:57.333084+02|16384|test|33|575235957|0|1242682|3248448813|720304200|709451678|143547295|133546357|0|0|1|200417280|0|||0|0|98185359.369|54372268.245|13747187.861|6135|0|0|0|
2136|1662810838.348506|2022-09-10 13:53:58.348506+02|16384|test|33|575302796|0|1243966|3249185715|720438132|709585560|143614130|133613192|0|0|1|200417280|0|||0|0|98217377.394|54392819.443|13754124.575|6137|0|0|0|
2137|1662810839.364017|2022-09-10 13:53:59.364017+02|16384|test|33|575369172|0|1245281|3249917597|720571134|709718516|143680502|133679564|0|0|1|200417280|0|||0|0|98249394.04|54413420.686|13761034.645|6139|0|0|0|
2138|1662810840.379139|2022-09-10 13:54:00.379139+02|16384|test|33|575421635|0|1246265|3250489112|720676292|709823646|143732961|133730397|0|0|1|200417280|0|||0|0|98281410.474|54435535.263|13767010.824|6141|0|0|0|
2139|1662810841.394530|2022-09-10 13:54:01.39453+02|16384|test|33|575488641|0|1247540|3251234212|720810550|709957862|143799963|133799025|0|0|1|200417280|0|||0|0|98313426.865|54456119.816|13773907.4|6143|0|0|0|
2140|1662810842.410148|2022-09-10 13:54:02.410148+02|16384|test|33|575555780|0|1248434|3251974463|720945073|710092344|143867098|133866160|0|0|1|200417280|0|||0|0|98345446.078|54476683.589|13780823.533|6145|0|0|0|
2141|1662810843.425777|2022-09-10 13:54:03.425777+02|16384|test|33|575622734|0|1249412|3252713381|721079224|710226456|143934048|133933110|0|0|1|200417280|0|||0|0|98377462.798|54497247.511|13787740.536|6147|0|0|0|
2142|1662810844.440441|2022-09-10 13:54:04.440441+02|16384|test|33|575689766|0|1250005|3253453004|721213529|710360724|144001076|134000138|0|0|1|200417280|0|||0|0|98409479.655|54517813.806|13794654.79|6149|0|0|0|
2143|1662810845.456241|2022-09-10 13:54:05.456241+02|16384|test|33|575743963|0|1250417|3254050786|721322168|710469322|144055269|134054331|0|0|1|200417280|0|||0|0|98441496.634|54539621.51|13800828.064|6151|0|0|0|
2144|1662810846.471459|2022-09-10 13:54:06.471459+02|16384|test|33|575811139|0|1251099|3254792075|721456770|710603878|144122441|134121503|0|0|1|200417280|0|||0|0|98473519.22|54560229.561|13807705.466|6153|0|0|0|
2145|1662810847.486213|2022-09-10 13:54:07.486213+02|16384|test|33|575878455|0|1251537|3255535313|721591665|710738714|144189753|134188815|0|0|1|200417280|0|||0|0|98505534.793|54580712.621|13814677.966|6155|0|0|0|
2146|1662810848.501282|2022-09-10 13:54:08.501282+02|16384|test|33|575944719|0|1252192|3256266707|721724441|710871446|144256013|134255075|0|0|1|200417280|0|||0|0|98537551.085|54601307.275|13821583.987|6157|0|0|0|
2147|1662810849.517113|2022-09-10 13:54:09.517113+02|16384|test|33|576011625|0|1252671|3256992439|721854284|711001242|144322915|134321977|0|0|1|200417280|0|||0|0|98569567.274|54621865.486|13828503.426|6159|0|0|0|
2148|1662810850.531870|2022-09-10 13:54:10.53187+02|16384|test|33|576066492|0|1253108|3257603644|721968485|711115400|144377778|134375110|0|0|1|200417280|0|||0|0|98601583.591|54643660.076|13834695.134|6161|0|0|0|
2149|1662810851.547189|2022-09-10 13:54:11.547189+02|16384|test|33|576133734|0|1253275|3258352002|722103220|711250088|144445016|134444078|0|0|1|200417280|0|||0|0|98633598.133|54664173.04|13841631.566|6163|0|0|0|
2150|1662810852.563245|2022-09-10 13:54:12.563245+02|16384|test|33|576200658|0|1253852|3259090703|722237308|711384140|144511936|134510998|0|0|1|200417280|0|||0|0|98665613.635|54684755.292|13848537.545|6165|0|0|0|
2151|1662810853.578611|2022-09-10 13:54:13.578611+02|16384|test|33|576267686|0|1254424|3259830556|722371622|711518400|144578960|134578022|0|0|1|200417280|0|||0|0|98697627.952|54705283.78|13855481.712|6167|0|0|0|
2152|1662810854.594184|2022-09-10 13:54:14.594184+02|16384|test|33|576334995|0|1254673|3260572892|722506491|711653222|144646265|134645327|0|0|1|200417280|0|||0|0|98729644.712|54725790.966|13862429.622|6169|0|0|0|
2153|1662810855.609105|2022-09-10 13:54:15.609105+02|16384|test|33|576391439|0|1255355|3261196489|722619619|711766314|144702705|134701767|0|0|1|200417280|0|||0|0|98761666.725|54747584.389|13868607.015|6171|0|0|0|
2154|1662810856.624281|2022-09-10 13:54:16.624281+02|16384|test|33|576457095|0|1255360|3261920025|722751167|711897830|144768357|134767419|0|0|1|200417280|0|||0|0|98793682.474|54768306.986|13875417.877|6173|0|0|0|
2155|1662810857.640116|2022-09-10 13:54:17.640116+02|16384|test|33|576524047|0|1255952|3262659773|722885324|712031938|144835305|134834367|0|0|1|200417280|0|||0|0|98825698.214|54788865.184|13882337.628|6175|0|0|0|
2156|1662810858.655991|2022-09-10 13:54:18.655991+02|16384|test|33|576633571|0|1256643|3263868349|723104641|712251190|144944825|134943887|0|0|1|200417280|0|||0|0|98877719.402|54822209.724|13893617.646|6177|0|0|0|
2157|1662810859.671731|2022-09-10 13:54:19.671731+02|16384|test|33|576717874|0|1257030|3264798432|723273500|712420000|145029124|135028186|0|0|1|200417280|0|||0|0|98921742.829|54851251.26|13902678.938|6179|0|0|0|
2158|1662810860.686875|2022-09-10 13:54:20.686875+02|16384|test|33|576780008|0|1257696|3265484673|723398009|712544472|145091254|135090316|0|0|1|200417280|0|||0|0|98953759.828|54872424.168|13909227.857|6181|0|0|0|
2159|1662810861.702053|2022-09-10 13:54:21.702053+02|16384|test|33|576847256|0|1257898|3266226262|723532750|712679172|145158498|135157560|0|0|1|200417280|0|||0|0|98985775.992|54892942.911|13916168.582|6183|0|0|0|
2160|1662810862.717579|2022-09-10 13:54:22.717579+02|16384|test|33|576914476|0|1258302|3266968039|723667440|712813816|145225714|135224776|0|0|1|200417280|0|||0|0|99017792.704|54913506.229|13923081.288|6185|0|0|0|
2161|1662810863.732604|2022-09-10 13:54:23.732604+02|16384|test|33|576981593|0|1258708|3267708878|723801919|712948254|145292827|135291889|0|0|1|200417280|0|||0|0|99049808.787|54933980.542|13930066.616|6187|0|0|0|
2162|1662810864.747360|2022-09-10 13:54:24.74736+02|16384|test|33|577043331|0|1259313|3268390442|723925629|713071934|145354561|135353623|0|0|1|200417280|0|||0|0|99081828.83|54955072.679|13936696.65|6189|0|0|0|
2163|1662810865.762752|2022-09-10 13:54:25.762752+02|16384|test|33|577103628|0|1259828|3269055813|724046464|713192732|145414854|135413916|0|0|1|200417280|0|||0|0|99113845.018|54976431.56|13943142.388|6191|0|0|0|
2164|1662810866.778474|2022-09-10 13:54:26.778474+02|16384|test|33|577170923|0|1260011|3269798194|724181307|713327526|145482145|135481207|0|0|1|200417280|0|||0|0|99145864.372|54996931.342|13950106.804|6193|0|0|0|
2165|1662810867.794022|2022-09-10 13:54:27.794022+02|16384|test|33|577238241|0|1260315|3270541165|724316194|713462366|145549459|135548521|0|0|1|200417280|0|||0|0|99177880.71|55017454.685|13957042.746|6195|0|0|0|
2166|1662810868.809018|2022-09-10 13:54:28.809018+02|16384|test|33|577305475|0|1260820|3271283022|724450912|713597038|145616689|135615751|0|0|1|200417280|0|||0|0|99209897.061|55037943.702|13964007.616|6197|0|0|0|
2167|1662810869.824524|2022-09-10 13:54:29.824524+02|16384|test|33|577372509|0|1261187|3272023003|724585228|713731310|145683719|135682781|0|0|1|200417280|0|||0|0|99241934.425|55058457.665|13970979.121|6199|0|0|0|
2168|1662810870.839919|2022-09-10 13:54:30.839919+02|16384|test|33|577427850|0|1261571|3272633913|724696150|713842196|145739056|135738118|0|0|1|200417280|0|||0|0|99273949.797|55080248.121|13977150.073|6201|0|0|0|
2169|1662810871.855392|2022-09-10 13:54:31.855392+02|16384|test|33|577495101|0|1262096|3273376111|724830887|713976902|145806303|135805365|0|0|1|200417280|0|||0|0|99305965.935|55100822.028|13984046.916|6203|0|0|0|
2170|1662810872.871810|2022-09-10 13:54:32.87181+02|16384|test|33|577562000|0|1262602|3274114402|724964924|714110904|145873198|135872260|0|0|1|200417280|0|||0|0|99337982.577|55121369.164|13990975.851|6205|0|0|0|
2171|1662810873.886859|2022-09-10 13:54:33.886859+02|16384|test|33|577629189|0|1262846|3274855577|725099546|714245486|145940383|135939445|0|0|1|200417280|0|||0|0|99370001.311|55141914.219|13997898.367|6207|0|0|0|
2172|1662810874.902022|2022-09-10 13:54:34.902022+02|16384|test|33|577696416|0|1263290|3275597496|725234245|714380144|146007606|136006668|0|0|1|200417280|0|||0|0|99402016.535|55162421.494|14004848.579|6209|0|0|0|
2173|1662810875.916732|2022-09-10 13:54:35.916732+02|16384|test|33|577751895|0|1263616|3276210043|725345441|714491306|146063081|136062143|0|0|1|200417280|0|||0|0|99434031.978|55184325.27|14010954.506|6211|0|0|0|
2174|1662810876.932804|2022-09-10 13:54:36.932804+02|16384|test|33|577819213|0|1264124|3276953536|725480323|714626146|146130395|136129457|0|0|1|200417280|0|||0|0|99466046.063|55204848.763|14017896.473|6213|0|0|0|
2175|1662810877.947940|2022-09-10 13:54:37.94794+02|16384|test|33|577886162|0|1264508|3277692244|725614465|714760248|146197340|136196402|0|0|1|200417280|0|||0|0|99498062.564|55225397.165|14024820.782|6215|0|0|0|
2176|1662810878.963878|2022-09-10 13:54:38.963878+02|16384|test|33|577953239|0|1265016|3278433005|725748856|714894606|146264413|136263475|0|0|1|200417280|0|||0|0|99530079.358|55245891.429|14031785.193|6217|0|0|0|
2177|1662810879.979892|2022-09-10 13:54:39.979892+02|16384|test|33|578020338|0|1265378|3279173134|725883292|715029008|146331508|136330570|0|0|1|200417280|0|||0|0|99562095.048|55266438.513|14038703.391|6219|0|0|0|
2178|1662810880.995512|2022-09-10 13:54:40.995512+02|16384|test|33|578075063|0|1265742|3279777257|725992974|715138662|146386229|136385291|0|0|1|200417280|0|||0|0|99594111.482|55288194.831|14044915.917|6221|0|0|0|
2179|1662810882.010781|2022-09-10 13:54:42.010781+02|16384|test|34|578142368|0|1266086|3280519971|726127833|715273476|146453530|136452592|0|0|1|200417280|0|||0|0|99626128.757|55308713.301|14051855.826|6223|0|0|0|
2180|1662810883.026989|2022-09-10 13:54:43.026989+02|16384|test|33|578208719|0|1266586|3281291551|726263481|715406920|146519873|136518939|0|0|1|200417280|0|||0|0|99658144.701|55329222.869|14058803.64|6225|0|0|0|
2181|1662810884.042441|2022-09-10 13:54:44.042441+02|16384|test|33|578275881|0|1267052|3282033056|726398064|715541448|146587031|136586097|0|0|1|200417280|0|||0|0|99690160.575|55349689.298|14065792.308|6227|0|0|0|
2182|1662810885.060670|2022-09-10 13:54:45.06067+02|16384|test|33|578343078|0|1267463|3282775358|726532711|715676046|146654224|136653290|0|0|1|200417280|0|||0|0|99722176.55|55370208.681|14072736.502|6229|0|0|0|
2183|1662810886.076366|2022-09-10 13:54:46.076366+02|16384|test|33|578399060|0|1267790|3283393570|726644930|715788214|146710202|136709268|0|0|1|200417280|0|||0|0|99754191.539|55391862.57|14079008.311|6231|0|0|0|
2184|1662810887.091528|2022-09-10 13:54:47.091528+02|16384|test|33|578466191|0|1268316|3284134993|726779446|715922680|146777329|136776395|0|0|1|200417280|0|||0|0|99786207.489|55412403.589|14085932.157|6233|0|0|0|
2185|1662810888.107113|2022-09-10 13:54:48.107113+02|16384|test|33|578533502|0|1268802|3284878130|726914314|716057506|146844636|136843702|0|0|1|200417280|0|||0|0|99818224.304|55432912.437|14092877.311|6235|0|0|0|
2186|1662810889.122354|2022-09-10 13:54:49.122354+02|16384|test|33|578600864|0|1269085|3285621299|727049285|716192434|146911994|136911060|0|0|1|200417280|0|||0|0|99850245.185|55453406.368|14099836.007|6237|0|0|0|
2187|1662810890.137232|2022-09-10 13:54:50.137232+02|16384|test|33|578668032|0|1269550|3286362578|727183867|716326974|146979158|136978224|0|0|1|200417280|0|||0|0|99882261.984|55473933.519|14106778.19|6239|0|0|0|
2188|1662810891.152699|2022-09-10 13:54:51.152699+02|16384|test|33|578723380|0|1269893|3286973256|727294800|716437874|147034502|137033568|0|0|1|200417280|0|||0|0|99914279.127|55495600.751|14113067.913|6241|0|0|0|
2189|1662810892.167787|2022-09-10 13:54:52.167787+02|16384|test|33|578790474|0|1270337|3287713727|727429241|716572266|147101592|137100658|0|0|1|200417280|0|||0|0|99946294.226|55516208.184|14119936.164|6243|0|0|0|
2190|1662810893.183076|2022-09-10 13:54:53.183076+02|16384|test|33|578857441|0|1270662|3288452860|727563436|716706404|147168555|137167621|0|0|1|200417280|0|||0|0|99978310.269|55536802.337|14126827.977|6245|0|0|0|
2191|1662810894.197880|2022-09-10 13:54:54.19788+02|16384|test|33|578924612|0|1271145|3289194055|727698040|716840950|147235722|137234788|0|0|1|200417280|0|||0|0|100010324.793|55557304.469|14133777.995|6247|0|0|0|
2192|1662810895.213583|2022-09-10 13:54:55.213583+02|16384|test|33|578991895|0|1271693|3289937213|727832859|716975720|147303001|137302067|0|0|1|200417280|0|||0|0|100042341.705|55577846.132|14140710.122|6249|0|0|0|
2193|1662810896.228747|2022-09-10 13:54:56.228747+02|16384|test|33|579051538|0|1271959|3290595692|727952393|717095210|147362640|137361706|0|0|1|200417280|0|||0|0|100074358.374|55599290.76|14147107.818|6251|0|0|0|
2194|1662810897.244145|2022-09-10 13:54:57.244145+02|16384|test|33|579118507|0|1272383|3291334682|728086574|717229352|147429605|137428671|0|0|1|200417280|0|||0|0|100106373.96|55619876.831|14154004.504|6253|0|0|0|
2195|1662810898.258872|2022-09-10 13:54:58.258872+02|16384|test|33|579185583|0|1272887|3292074920|728220976|717363708|147496677|137495743|0|0|1|200417280|0|||0|0|100138389.566|55640475.622|14160885.82|6255|0|0|0|
2196|1662810899.274121|2022-09-10 13:54:59.274121+02|16384|test|33|579252744|0|1273374|3292816355|728355549|717498234|147563834|137562900|0|0|1|200417280|0|||0|0|100170406.049|55661013.497|14167813.597|6257|0|0|0|
2197|1662810900.289789|2022-09-10 13:55:00.289789+02|16384|test|33|579319733|0|1273960|3293555986|728489778|717632416|147630819|137629885|0|0|1|200417280|0|||0|0|100202422.784|55681553.844|14174750.201|6259|0|0|0|
2198|1662810901.305347|2022-09-10 13:55:01.305347+02|16384|test|33|579378996|0|1274062|3294209587|728608550|717751146|147690078|137689144|0|0|1|200417280|0|||0|0|100234440.419|55703005.576|14181132.559|6261|0|0|0|
2199|1662810902.321453|2022-09-10 13:55:02.321453+02|16384|test|33|579446042|0|1274484|3294949179|728742895|717885442|147757120|137756186|0|0|1|200417280|0|||0|0|100266457.462|55723565.816|14188045.964|6263|0|0|0|
2200|1662810903.337509|2022-09-10 13:55:03.337509+02|16384|test|33|579513202|0|1274848|3295690309|728877463|718019966|147824276|137823342|0|0|1|200417280|0|||0|0|100298475.409|55744067.167|14195004.02|6265|0|0|0|
2201|1662810904.353367|2022-09-10 13:55:04.353367+02|16384|test|33|579580443|0|1275436|3296432956|729012183|718154652|147891513|137890579|0|0|1|200417280|0|||0|0|100330492.503|55764585.72|14201948.004|6267|0|0|0|
2202|1662810905.368593|2022-09-10 13:55:05.368593+02|16384|test|33|579647491|0|1275880|3297172877|729146536|718288952|147958557|137957623|0|0|1|200417280|0|||0|0|100362507.183|55785042.787|14208952.714|6269|0|0|0|
2203|1662810906.383855|2022-09-10 13:55:06.383855+02|16384|test|33|579708364|0|1276325|3297844948|729268523|718410902|148019426|138018492|0|0|1|200417280|0|||0|0|100394527.526|55806249.977|14215480.285|6271|0|0|0|
2204|1662810907.398677|2022-09-10 13:55:07.398677+02|16384|test|33|579770585|0|1276749|3298531680|729393209|718535548|148081643|138080709|0|0|1|200417280|0|||0|0|100426542.458|55827354.841|14222080.455|6273|0|0|0|
2205|1662810908.414284|2022-09-10 13:55:08.414284+02|16384|test|33|579837919|0|1277131|3299274441|729528128|718670420|148148973|138148039|0|0|1|200417280|0|||0|0|100458557.936|55847852.892|14229040.976|6275|0|0|0|
2206|1662810909.430291|2022-09-10 13:55:09.430291+02|16384|test|33|579904791|0|1277475|3300012323|729662120|718804368|148215841|138214907|0|0|1|200417280|0|||0|0|100490574.61|55868373.718|14235993.096|6277|0|0|0|
2207|1662810910.445743|2022-09-10 13:55:10.445743+02|16384|test|33|579972051|0|1277779|3300754391|729796881|718939092|148283097|138282163|0|0|1|200417280|0|||0|0|100522591.197|55888853.385|14242968.937|6279|0|0|0|
2208|1662810911.461180|2022-09-10 13:55:11.46118+02|16384|test|33|580037160|0|1278248|3301473045|729927345|719069514|148348202|138347268|0|0|1|200417280|0|||0|0|100554987.656|55909833.169|14249820.413|6281|0|0|0|
2209|1662810912.476879|2022-09-10 13:55:12.476879+02|16384|test|33|580099349|0|1278753|3302159247|730051975|719194096|148410387|138409453|0|0|1|200417280|0|||0|0|100587004.588|55931058.591|14256327.482|6283|0|0|0|
2210|1662810913.491954|2022-09-10 13:55:13.491954+02|16384|test|33|580166624|0|1279103|3302901748|730186767|719328850|148477658|138476724|0|0|1|200417280|0|||0|0|100619019.92|55951662.15|14263202.422|6285|0|0|0|
2211|1662810914.507985|2022-09-10 13:55:14.507985+02|16384|test|33|580234024|0|1279467|3303645433|730321815|719463854|148545054|138544120|0|0|1|200417280|0|||0|0|100651036.529|55972251.507|14270084.816|6287|0|0|0|
2212|1662810915.523939|2022-09-10 13:55:15.523939+02|16384|test|33|580301248|0|1280095|3304387726|730456495|719598506|148612274|138611340|0|0|1|200417280|0|||0|0|100683054.035|55992818.782|14276992.194|6289|0|0|0|
2213|1662810916.539000|2022-09-10 13:55:16.539+02|16384|test|33|580368525|0|1280321|3305130150|730591293|719733264|148679547|138678613|0|0|1|200417280|0|||0|0|100715069.923|56013456.203|14283837.169|6291|0|0|0|
2214|1662810917.554784|2022-09-10 13:55:17.554784+02|16384|test|33|580424858|0|1280673|3305752714|730704202|719846134|148735876|138734942|0|0|1|200417280|0|||0|0|100747083.915|56035194.316|14290057.622|6293|0|0|0|
2215|1662810918.569552|2022-09-10 13:55:18.569552+02|16384|test|33|580492347|0|1281220|3306497704|730839420|719981316|148803361|138802427|0|0|1|200417280|0|||0|0|100779099.952|56055751.603|14296962.084|6295|0|0|0|
2216|1662810919.584489|2022-09-10 13:55:19.584489+02|16384|test|33|580559701|0|1281644|3307240977|730974362|720116228|148870711|138869777|0|0|1|200417280|0|||0|0|100811115.82|56076307.221|14303869.418|6297|0|0|0|
2217|1662810920.599243|2022-09-10 13:55:20.599243+02|16384|test|33|580626917|0|1282072|3307982723|731109036|720250864|148937923|138936989|0|0|1|200417280|0|||0|0|100843129.526|56096832.777|14310808.265|6299|0|0|0|
2218|1662810921.614185|2022-09-10 13:55:21.614185+02|16384|test|33|580694325|0|1282478|3308726791|731244091|720385884|149005327|139004393|0|0|1|200417280|0|||0|0|100875146.402|56117357.464|14317738.642|6301|0|0|0|
2219|1662810922.629764|2022-09-10 13:55:22.629764+02|16384|test|33|580750731|0|1282821|3309349130|731357146|720498900|149061729|139060795|0|0|1|200417280|0|||0|0|100907161.116|56139147.379|14323907.806|6303|0|0|0|
2220|1662810923.644909|2022-09-10 13:55:23.644909+02|16384|test|33|580818121|0|1283209|3310092980|731492165|720633884|149129115|139128181|0|0|1|200417280|0|||0|0|100939175.401|56159691.017|14330830.225|6305|0|0|0|
2221|1662810924.659763|2022-09-10 13:55:24.659763+02|16384|test|33|580887487|0|1283600|3310859260|731631142|720772820|149198477|139197543|0|0|1|200417280|0|||0|0|100972191|56180886.578|14337958.455|6307|0|0|0|
2222|1662810925.675489|2022-09-10 13:55:25.675489+02|16384|test|33|580992437|0|1284450|3312017754|731841296|720982924|149303423|139302489|0|0|1|200417280|0|||0|0|101022213.195|56213039.594|14348741.251|6309|0|0|0|
2223|1662810926.690863|2022-09-10 13:55:26.690863+02|16384|test|33|581054653|0|1284757|3312704497|731965967|721107560|149365635|139364701|0|0|1|200417280|0|||0|0|101054228.935|56234086.912|14355342.629|6311|0|0|0|
2224|1662810927.706631|2022-09-10 13:55:27.706631+02|16384|test|33|581118527|0|1285119|3313409126|732093950|721235512|149429505|139428571|0|0|1|200417280|0|||0|0|101086245.388|56254976.475|14362054.492|6313|0|0|0|
2225|1662810928.721766|2022-09-10 13:55:28.721766+02|16384|test|33|581212903|0|1285702|3314450153|732282965|721424468|149523877|139522943|0|0|1|200417280|0|||0|0|101131262.882|56283827.906|14371825.53|6315|0|0|0|
2226|1662810929.736846|2022-09-10 13:55:29.736846+02|16384|test|33|581280022|0|1286211|3315191279|732417433|721558910|149590992|139590058|0|0|1|200417280|0|||0|0|101163279.054|56304393.538|14378736.479|6317|0|0|0|
2227|1662810930.752845|2022-09-10 13:55:30.752845+02|16384|test|33|581346886|0|1286795|3315929294|732551419|721692842|149657852|139656918|0|0|1|200417280|0|||0|0|101195295.626|56325029.989|14385590.152|6319|0|0|0|
2228|1662810931.768103|2022-09-10 13:55:31.768103+02|16384|test|33|581402578|0|1287037|3316543652|732663042|721804430|149713540|139712606|0|0|1|200417280|0|||0|0|101227311.611|56346935.223|14391680.098|6321|0|0|0|
2229|1662810932.782935|2022-09-10 13:55:32.782935+02|16384|test|33|581469893|0|1287344|3317286601|732797906|721939264|149780851|139779917|0|0|1|200417280|0|||0|0|101259327.789|56367435.27|14398634.857|6323|0|0|0|
2230|1662810933.798209|2022-09-10 13:55:33.798209+02|16384|test|33|581537236|0|1287892|3318030244|732932840|722074154|149848190|139847256|0|0|1|200417280|0|||0|0|101291342.9|56387965.012|14405563.894|6325|0|0|0|
2231|1662810934.813322|2022-09-10 13:55:34.813322+02|16384|test|33|581604252|0|1288359|3318770378|733067108|722208390|149915202|139914268|0|0|1|200417280|0|||0|0|101323357.829|56408514.379|14412486.147|6327|0|0|0|
2232|1662810935.829098|2022-09-10 13:55:35.829098+02|16384|test|33|581671092|0|1288862|3319507776|733201025|722342274|149982038|139981104|0|0|1|200417280|0|||0|0|101355373.808|56429093.008|14419393.529|6329|0|0|0|
2233|1662810936.844376|2022-09-10 13:55:36.844376+02|16384|test|33|581726734|0|1289376|3320121868|733312548|722453762|150037676|140036742|0|0|1|200417280|0|||0|0|101387389.981|56450926.199|14425553.184|6331|0|0|0|
2234|1662810937.860236|2022-09-10 13:55:37.860236+02|16384|test|33|581793996|0|1289738|3320863748|733447308|722588490|150104934|140104000|0|0|1|200417280|0|||0|0|101419406.839|56471495.607|14432453.163|6333|0|0|0|
2235|1662810938.875200|2022-09-10 13:55:38.8752+02|16384|test|33|581861451|0|1289961|3321607638|733582457|722723604|150172385|140171451|0|0|1|200417280|0|||0|0|101451422.529|56492000.843|14439401.763|6335|0|0|0|
2236|1662810939.889853|2022-09-10 13:55:39.889853+02|16384|test|33|581928610|0|1290283|3322348369|733717015|722858126|150239540|140238606|0|0|1|200417280|0|||0|0|101483439.106|56512501.604|14446358.44|6337|0|0|0|
2237|1662810940.904756|2022-09-10 13:55:40.904756+02|16384|test|33|581995674|0|1290729|3323088743|733851383|722992458|150306600|140305666|0|0|1|200417280|0|||0|0|101515455.12|56533015.76|14453313.986|6339|0|0|0|
2238|1662810941.920783|2022-09-10 13:55:41.920783+02|16384|test|34|582052689|0|1291174|3323718208|733965655|723106692|150363611|140362677|0|0|1|200417280|0|||0|0|101547477.649|56554714.025|14459588.662|6341|0|0|0|
2239|1662810942.936488|2022-09-10 13:55:42.936488+02|16384|test|34|582117448|0|1291537|3324447429|734098038|723236798|150428366|140427432|0|0|1|200417280|0|||0|0|101579494.528|56575473.72|14466370.895|6343|0|0|0|
2240|1662810943.951968|2022-09-10 13:55:43.951968+02|16384|test|33|582183886|0|1293540|3325257450|734235489|723370392|150494794|140493870|0|0|1|200417280|0|||0|0|101611508.354|56596089.697|14473241.609|6345|0|0|0|
2241|1662810944.968017|2022-09-10 13:55:44.968017+02|16384|test|33|582251156|0|1293987|3326000452|734370323|723505136|150562060|140561136|0|0|1|200417280|0|||0|0|101643525.555|56616628.423|14480164.24|6347|0|0|0|
2242|1662810945.983850|2022-09-10 13:55:45.98385+02|16384|test|33|582318428|0|1294452|3326742934|734505149|723639884|150629328|140628404|0|0|1|200417280|0|||0|0|101675542.378|56637161.826|14487097.861|6349|0|0|0|
2243|1662810946.999267|2022-09-10 13:55:46.999267+02|16384|test|33|582377654|0|1295039|3327397128|734623875|723758540|150688550|140687626|0|0|1|200417280|0|||0|0|101707562.358|56658596.939|14493489.922|6351|0|0|0|
2244|1662810948.014776|2022-09-10 13:55:48.014776+02|16384|test|33|582441090|0|1295242|3328096829|734751029|723885616|150751982|140751058|0|0|1|200417280|0|||0|0|101739580.073|56679570.685|14500156.431|6353|0|0|0|
2245|1662810949.029837|2022-09-10 13:55:49.029837+02|16384|test|33|582508280|0|1295646|3328838338|734885687|724020200|150819168|140818244|0|0|1|200417280|0|||0|0|101771595.909|56700107.433|14507085.278|6355|0|0|0|
2246|1662810950.045390|2022-09-10 13:55:50.04539+02|16384|test|33|582575247|0|1296068|3329577123|735019882|724154338|150886131|140885207|0|0|1|200417280|0|||0|0|101803612.238|56720670.552|14514011.484|6357|0|0|0|
2247|1662810951.060982|2022-09-10 13:55:51.060982+02|16384|test|33|582642595|0|1296472|3330320323|735154837|724289238|150953475|140952551|0|0|1|200417280|0|||0|0|101835628.366|56741180.033|14520955.989|6359|0|0|0|
2248|1662810952.076143|2022-09-10 13:55:52.076143+02|16384|test|33|582704638|0|1296859|3331005345|735279194|724413528|151015514|141014590|0|0|1|200417280|0|||0|0|101867654.745|56762347.735|14527515.799|6361|0|0|0|
2249|1662810953.091872|2022-09-10 13:55:53.091872+02|16384|test|33|582764914|0|1297283|3331670685|735400012|724534284|151075786|141074862|0|0|1|200417280|0|||0|0|101899671.689|56783719.382|14533951.971|6363|0|0|0|
2250|1662810954.106511|2022-09-10 13:55:54.106511+02|16384|test|33|582832037|0|1297706|3332411351|735534525|724668734|151142905|141141981|0|0|1|200417280|0|||0|0|101931687.916|56804249.024|14540895.784|6365|0|0|0|
2251|1662810955.121205|2022-09-10 13:55:55.121205+02|16384|test|33|582898967|0|1298222|3333150189|735668654|724802798|151209831|141208907|0|0|1|200417280|0|||0|0|101963703.342|56824858.309|14547777.676|6367|0|0|0|
2252|1662810956.136640|2022-09-10 13:55:56.13664+02|16384|test|33|582966353|0|1298586|3333893782|735803695|724937774|151277213|141276289|0|0|1|200417280|0|||0|0|101995720.504|56845351.369|14554743.162|6369|0|0|0|
2253|1662810957.152690|2022-09-10 13:55:57.15269+02|16384|test|33|583033307|0|1299010|3334632730|735937876|725071886|151344163|141343239|0|0|1|200417280|0|||0|0|102027748.053|56865876.482|14561694.319|6371|0|0|0|
2254|1662810958.167941|2022-09-10 13:55:58.167941+02|16384|test|33|583089269|0|1299392|3335250272|736050071|725184014|151400121|141399197|0|0|1|200417280|0|||0|0|102059763.578|56887642.479|14567915.086|6373|0|0|0|
2255|1662810959.183704|2022-09-10 13:55:59.183704+02|16384|test|33|583156682|0|1299760|3335994397|736185162|725319044|151467530|141466606|0|0|1|200417280|0|||0|0|102091778.897|56908145.057|14574866.529|6375|0|0|0|
2256|1662810960.199448|2022-09-10 13:56:00.199448+02|16384|test|33|583223895|0|1300292|3336736897|736319854|725453674|151534739|141533815|0|0|1|200417280|0|||0|0|102123794.809|56928698.969|14581781.181|6377|0|0|0|
2257|1662810961.215078|2022-09-10 13:56:01.215078+02|16384|test|33|583291279|0|1300594|3337480273|736454891|725588646|151602119|141601195|0|0|1|200417280|0|||0|0|102155810.964|56949214.386|14588721.695|6379|0|0|0|
2258|1662810962.229780|2022-09-10 13:56:02.22978+02|16384|test|33|583358207|0|1301278|3338219163|736589011|725722706|151669043|141668119|0|0|1|200417280|0|||0|0|102187827.237|56969805.579|14595622.13|6381|0|0|0|
2259|1662810963.244430|2022-09-10 13:56:03.24443+02|16384|test|33|583413354|0|1301780|3338827823|736699557|725833204|151724186|141723262|0|0|1|200417280|0|||0|0|102219843.049|56991475.098|14601894.696|6383|0|0|0|
2260|1662810964.260192|2022-09-10 13:56:04.260192+02|16384|test|33|583480682|0|1301780|3339569860|736834483|725968064|151791510|141790586|0|0|1|200417280|0|||0|0|102251859.461|57011957.169|14608867.379|6385|0|0|0|
2261|1662810965.275654|2022-09-10 13:56:05.275654+02|16384|test|33|583547580|0|1302269|3340308975|736968549|726102064|151858404|141857480|0|0|1|200417280|0|||0|0|102283876.522|57032540.651|14615765.968|6387|0|0|0|
2262|1662810966.291341|2022-09-10 13:56:06.291341+02|16384|test|33|583614534|0|1302693|3341047839|737102716|726236176|151925354|141924430|0|0|1|200417280|0|||0|0|102315891.25|57053094.879|14622691.395|6389|0|0|0|
2263|1662810967.306958|2022-09-10 13:56:07.306958+02|16384|test|33|583681265|0|1303461|3341785178|737236447|726369842|151992081|141991157|0|0|1|200417280|0|||0|0|102347906.304|57073702.305|14629583.231|6391|0|0|0|
2264|1662810968.321794|2022-09-10 13:56:08.321794+02|16384|test|33|583737164|0|1303461|3342401304|737348501|726481844|152047976|142047052|0|0|1|200417280|0|||0|0|102379924.075|57095421.432|14635828.273|6393|0|0|0|
2265|1662810969.336761|2022-09-10 13:56:09.336761+02|16384|test|33|583804059|0|1303903|3343139334|737482562|726615838|152114867|142113943|0|0|1|200417280|0|||0|0|102411941.933|57116041.59|14642703.007|6395|0|0|0|
2266|1662810970.352229|2022-09-10 13:56:10.352229+02|16384|test|33|583869071|0|1304269|3343844343|737608626|726741850|152179875|142178951|0|0|1|200417280|0|||0|0|102442959.02|57135924.871|14649427.339|6397|0|0|0|
2267|1662810971.367588|2022-09-10 13:56:11.367588+02|16384|test|33|583938188|0|1304713|3344619772|737751353|726884504|152248988|142248064|0|0|1|200417280|0|||0|0|102475974.955|57157130.249|14656561.833|6399|0|0|0|
2268|1662810972.383301|2022-09-10 13:56:12.383301+02|16384|test|33|584005188|0|1305157|3345359223|737885608|727018708|152315984|142315060|0|0|1|200417280|0|||0|0|102507992.351|57177647.387|14663515.618|6401|0|0|0|
2269|1662810973.398524|2022-09-10 13:56:13.398524+02|16384|test|33|584060692|0|1305522|3345971932|737996860|727129920|152371484|142370560|0|0|1|200417280|0|||0|0|102540009.643|57199391.726|14669748.463|6403|0|0|0|
2270|1662810974.413748|2022-09-10 13:56:14.413748+02|16384|test|33|584127792|0|1306109|3346712842|738131315|727264324|152438580|142437656|0|0|1|200417280|0|||0|0|102572026|57219939.835|14676680.295|6405|0|0|0|
2271|1662810975.428887|2022-09-10 13:56:15.428887+02|16384|test|33|584194850|0|1306613|3347445005|738265702|727398644|152505634|142502648|0|0|1|200417280|0|||0|0|102604044.073|57240460.126|14683630.977|6407|0|0|0|
2272|1662810976.444725|2022-09-10 13:56:16.444725+02|16384|test|33|584261547|0|1307075|3348189089|738399348|727532242|152572327|142571403|0|0|1|200417280|0|||0|0|102636059.356|57261045.32|14690534.801|6409|0|0|0|
2273|1662810977.459845|2022-09-10 13:56:17.459845+02|16384|test|33|584328902|0|1307238|3348931843|738534312|727667156|152639678|142638754|0|0|1|200417280|0|||0|0|102668076.899|57281539.068|14697494.985|6411|0|0|0|
2274|1662810978.474891|2022-09-10 13:56:18.474891+02|16384|test|33|584383965|0|1307862|3349540024|738644694|727777486|152694737|142693813|0|0|1|200417280|0|||0|0|102700092.87|57303304.744|14703783.746|6413|0|0|0|
2275|1662810979.490071|2022-09-10 13:56:19.490071+02|16384|test|33|584451347|0|1308104|3350283161|738779720|727912454|152762115|142761191|0|0|1|200417280|0|||0|0|102732108.752|57323807.137|14710739.543|6415|0|0|0|
2276|1662810980.504828|2022-09-10 13:56:20.504828+02|16384|test|33|584518544|0|1308549|3351024811|738914382|728047052|152829308|142828384|0|0|1|200417280|0|||0|0|102764123.483|57344354.466|14717665.542|6417|0|0|0|
2277|1662810981.520437|2022-09-10 13:56:21.520437+02|16384|test|33|584585860|0|1308936|3351767837|739049261|728181888|152896620|142895696|0|0|1|200417280|0|||0|0|102796139.856|57364796.424|14724672.809|6419|0|0|0|
2278|1662810982.536155|2022-09-10 13:56:22.536155+02|16384|test|33|584652815|0|1309300|3352506648|739183428|728316002|152963571|142962647|0|0|1|200417280|0|||0|0|102828155.564|57385282.215|14731659.123|6421|0|0|0|
2279|1662810983.551253|2022-09-10 13:56:23.551253+02|16384|test|33|584708297|0|1309702|3353118869|739294637|728427170|153019049|143018125|0|0|1|200417280|0|||0|0|102860180.625|57407108.274|14737864.107|6423|0|0|0|
2280|1662810984.566944|2022-09-10 13:56:24.566944+02|16384|test|33|584774948|0|1310129|3353854614|739428204|728560676|153085696|143084772|0|0|1|200417280|0|||0|0|102892197.149|57427733.667|14744732.904|6425|0|0|0|
2281|1662810985.581643|2022-09-10 13:56:25.581643+02|16384|test|33|584842259|0|1310477|3354597814|739563079|728695502|153153003|143152079|0|0|1|200417280|0|||0|0|102924212.625|57448260.647|14751673.119|6427|0|0|0|
2282|1662810986.596486|2022-09-10 13:56:26.596486+02|16384|test|33|584909319|0|1310901|3355337867|739697463|728829826|153220059|143219135|0|0|1|200417280|0|||0|0|102956228.586|57468828.705|14758584.197|6429|0|0|0|
2283|1662810987.611730|2022-09-10 13:56:27.61173+02|16384|test|33|584976761|0|1311345|3356082125|739832599|728964914|153287497|143286573|0|0|1|200417280|0|||0|0|102988244.521|57489327.418|14765537.867|6431|0|0|0|
2284|1662810988.625871|2022-09-10 13:56:28.625871+02|16384|test|33|585034278|0|1311771|3356717303|739947881|729080152|153345010|143344086|0|0|1|200417280|0|||0|0|103020262.478|57510570.644|14772097.153|6433|0|0|0|
2285|1662810989.641860|2022-09-10 13:56:29.64186+02|16384|test|33|585098939|0|1312117|3357431078|740077454|729209678|153409667|143408743|0|0|1|200417280|0|||0|0|103052278.386|57531404.004|14778846.606|6435|0|0|0|
2286|1662810990.657294|2022-09-10 13:56:30.657294+02|16384|test|33|585166187|0|1312745|3358173929|740212208|729344378|153476911|143475987|0|0|1|200417280|0|||0|0|103084295.966|57551958.289|14785768.713|6437|0|0|0|
2287|1662810991.673029|2022-09-10 13:56:31.673029+02|16384|test|33|585233609|0|1313050|3358917811|740347301|729479426|153544329|143543405|0|0|1|200417280|0|||0|0|103116314.261|57572444.816|14792740.434|6439|0|0|0|
2288|1662810992.687530|2022-09-10 13:56:32.68753+02|16384|test|33|585337311|0|1313839|3360062162|740554988|729687034|153648027|143647103|0|0|1|200417280|0|||0|0|103167340.349|57605445.571|14803635.266|6441|0|0|0|
2289|1662810993.703090|2022-09-10 13:56:33.70309+02|16384|test|33|585398374|0|1314284|3360736154|740677365|729809364|153709086|143708162|0|0|1|200417280|0|||0|0|103199357.57|57626661.484|14810166.012|6443|0|0|0|
2290|1662810994.718799|2022-09-10 13:56:34.718799+02|16384|test|33|585463669|0|1314586|3361456735|740808216|729940158|153774377|143773453|0|0|1|200417280|0|||0|0|103231374.58|57647458.868|14816936.83|6445|0|0|0|
2291|1662810995.733841|2022-09-10 13:56:35.733841+02|16384|test|33|585554179|0|1315156|3362455924|740989521|730121382|153864883|143863959|0|0|1|200417280|0|||0|0|103274393.747|57675051.958|14826251.094|6447|0|0|0|
2292|1662810996.749265|2022-09-10 13:56:36.749265+02|16384|test|33|585625523|0|1315564|3363243693|741132466|730264274|153936223|143935299|0|0|1|200417280|0|||0|0|103308408.689|57696885.857|14833602.767|6449|0|0|0|
2293|1662810997.764369|2022-09-10 13:56:37.764369+02|16384|test|33|585689209|0|1315869|3363934335|741256066|730387834|153999905|143998981|0|0|1|200417280|0|||0|0|103339798.225|57717094.179|14840353.119|6451|0|0|0|
2294|1662810998.779140|2022-09-10 13:56:38.77914+02|16384|test|33|585748552|0|1316397|3364602076|741379034|730510740|154059244|144058320|0|0|1|200417280|0|||0|0|103372842.49|57739551.559|14846754.317|6453|0|0|0|
2295|1662810999.794360|2022-09-10 13:56:39.79436+02|16384|test|33|585815830|0|1316704|3365344614|741513838|730645500|154126518|144125594|0|0|1|200417280|0|||0|0|103404858.144|57760098.039|14853673.107|6455|0|0|0|
2296|1662811000.809572|2022-09-10 13:56:40.809572+02|16384|test|33|585882995|0|1317068|3366085888|741648427|730780034|154193679|144192755|0|0|1|200417280|0|||0|0|103436875.105|57780691.102|14860561.461|6457|0|0|0|
2297|1662811001.825041|2022-09-10 13:56:41.825041+02|16384|test|34|585948256|0|1317574|3366806261|741779192|730910760|154258936|144258012|0|0|1|200417280|0|||0|0|103467891.372|57800583.809|14867275.599|6459|0|0|0|
2298|1662811002.840550|2022-09-10 13:56:42.84055+02|16384|test|33|586016790|0|1318094|3367601638|741919208|731048569|154327462|144326542|0|0|1|200417280|0|||0|0|103500906.128|57821790.486|14874404.749|6461|0|0|0|
2299|1662811003.854549|2022-09-10 13:56:43.854549+02|16384|test|33|586072444|0|1318298|3368215983|742030785|731160082|154383112|144382192|0|0|1|200417280|0|||0|0|103532919.421|57843649.456|14880546.827|6463|0|0|0|
2300|1662811004.869442|2022-09-10 13:56:44.869442+02|16384|test|33|586139620|0|1318825|3368957924|742165403|731294638|154450284|144449364|0|0|1|200417280|0|||0|0|103564934.859|57864226.505|14887442.145|6465|0|0|0|
2301|1662811005.884969|2022-09-10 13:56:45.884969+02|16384|test|33|586207000|0|1319269|3369701545|742300430|731429602|154517660|144516740|0|0|1|200417280|0|||0|0|103596951.312|57884744.25|14894383.044|6467|0|0|0|
2302|1662811006.900688|2022-09-10 13:56:46.900688+02|16384|test|33|586274111|0|1319715|3370442529|742434919|731564028|154584767|144583847|0|0|1|200417280|0|||0|0|103628968.236|57905295.988|14901305.507|6469|0|0|0|
2303|1662811007.917621|2022-09-10 13:56:47.917621+02|16384|test|33|586341075|0|1320157|3371181276|742569107|731698160|154651727|144650807|0|0|1|200417280|0|||0|0|103660984.752|57925835.244|14908241.647|6471|0|0|0|
2304|1662811008.935203|2022-09-10 13:56:48.935203+02|16384|test|33|586396532|0|1320439|3371793098|742680270|731809278|154707180|144706260|0|0|1|200417280|0|||0|0|103693002.43|57947588.856|14914433.548|6473|0|0|0|
2305|1662811009.950342|2022-09-10 13:56:49.950342+02|16384|test|33|586463702|0|1321043|3372534566|742814869|731943822|154774346|144773426|0|0|1|200417280|0|||0|0|103725017.832|57968181.597|14921325.225|6475|0|0|0|
2306|1662811010.965820|2022-09-10 13:56:50.96582+02|16384|test|33|586531175|0|1321285|3373265966|742945827|732074724|154841815|144840895|0|0|1|200417280|0|||0|0|103757034.207|57988662.64|14928293.244|6477|0|0|0|
2307|1662811011.981766|2022-09-10 13:56:51.981766+02|16384|test|33|586598498|0|1321749|3374021765|743084992|732213822|154909134|144908214|0|0|1|200417280|0|||0|0|103789050.178|58009183.711|14935237.141|6479|0|0|0|
2308|1662811012.997098|2022-09-10 13:56:52.997098+02|16384|test|33|586665683|0|1322253|3374763284|743219614|732348396|154976315|144975395|0|0|1|200417280|0|||0|0|103821066.177|58029759.671|14942138.308|6481|0|0|0|
2309|1662811014.012076|2022-09-10 13:56:54.012076+02|16384|test|33|586720609|0|1322696|3375369742|743329713|732458452|155031237|145030317|0|0|1|200417280|0|||0|0|103853082.939|58051714.823|14948198.183|6483|0|0|0|
2310|1662811015.027279|2022-09-10 13:56:55.027279+02|16384|test|33|586787924|0|1322961|3376112245|743464597|732593286|155098548|145097628|0|0|1|200417280|0|||0|0|103885099.081|58072327.343|14955058.547|6485|0|0|0|
2311|1662811016.043057|2022-09-10 13:56:56.043057+02|16384|test|33|586855048|0|1323348|3376852836|743599095|732727738|155165668|145164748|0|0|1|200417280|0|||0|0|103917113.899|58092899.731|14961961.719|6487|0|0|0|
2312|1662811017.058093|2022-09-10 13:56:57.058093+02|16384|test|33|586922365|0|1323877|3377596073|743733981|732862576|155232981|145232061|0|0|1|200417280|0|||0|0|103949128.857|58113434.566|14968893.946|6489|0|0|0|
2313|1662811018.073771|2022-09-10 13:56:58.073771+02|16384|test|33|586989269|0|1324142|3378334114|743868040|732996588|155299881|145298961|0|0|1|200417280|0|||0|0|103981145.694|58133976.829|14975826.515|6491|0|0|0|
2314|1662811019.089201|2022-09-10 13:56:59.089201+02|16384|test|33|587043738|0|1324787|3378935676|743977226|733105730|155354346|145353426|0|0|1|200417280|0|||0|0|104013160.753|58155759.153|14982023.356|6493|0|0|0|
2315|1662811020.104309|2022-09-10 13:57:00.104309+02|16384|test|33|587111039|0|1324992|3379678184|744112083|733240536|155421643|145420723|0|0|1|200417280|0|||0|0|104045176.971|58176232.729|14988998.96|6495|0|0|0|
2316|1662811021.119692|2022-09-10 13:57:01.119692+02|16384|test|33|587177691|0|1325681|3380414217|744245643|733374044|155488291|145487371|0|0|1|200417280|0|||0|0|104077193.406|58196816.275|14995915.533|6497|0|0|0|
2317|1662811022.135687|2022-09-10 13:57:02.135687+02|16384|test|33|587244737|0|1326217|3381154076|744379985|733508340|155555333|145554413|0|0|1|200417280|0|||0|0|104109207.758|58217348.381|15002854.381|6499|0|0|0|
2318|1662811023.150953|2022-09-10 13:57:03.150953+02|16384|test|33|587312008|0|1326380|3381895762|744514786|733643086|155622600|145621680|0|0|1|200417280|0|||0|0|104141225.084|58237887.949|15009773.018|6501|0|0|0|
2319|1662811024.166778|2022-09-10 13:57:04.166778+02|16384|test|33|587366218|0|1326645|3382494301|744623454|733751710|155676806|145675886|0|0|1|200417280|0|||0|0|104173243.573|58259825.593|15015902.141|6503|0|0|0|
2320|1662811025.182579|2022-09-10 13:57:05.182579+02|16384|test|33|587433090|0|1326989|3383232312|744757451|733885658|155743674|145742754|0|0|1|200417280|0|||0|0|104205260.017|58280374.162|15022818.666|6505|0|0|0|
2321|1662811026.197575|2022-09-10 13:57:06.197575+02|16384|test|33|587500334|0|1327435|3383974571|744892199|734020350|155810914|145809994|0|0|1|200417280|0|||0|0|104237276.866|58300895.127|15029760.653|6507|0|0|0|
2322|1662811027.212922|2022-09-10 13:57:07.212922+02|16384|test|33|587567622|0|1327862|3384717174|745027032|734155130|155878198|145877278|0|0|1|200417280|0|||0|0|104269292.342|58321424.125|15036698.225|6509|0|0|0|
2323|1662811028.228929|2022-09-10 13:57:08.228929+02|16384|test|33|587634707|0|1328369|3385449565|745161455|734289504|155945279|145942301|0|0|1|200417280|0|||0|0|104301310.462|58341941.276|15043654.651|6511|0|0|0|
2324|1662811029.243805|2022-09-10 13:57:09.243805+02|16384|test|33|587690244|0|1328775|3386054630|745269486|734397498|156000812|145998244|0|0|1|200417280|0|||0|0|104334188.252|58364787.188|15049728.757|6513|0|0|0|
2325|1662811030.259176|2022-09-10 13:57:10.259176+02|16384|test|33|587754071|0|1329101|3386775403|745400676|734528640|156064635|146063715|0|0|1|200417280|0|||0|0|104366204.611|58385727.436|15056417.843|6515|0|0|0|
2326|1662811031.274968|2022-09-10 13:57:11.274968+02|16384|test|33|587821490|0|1329665|3387519550|745535769|734663682|156132050|146131130|0|0|1|200417280|0|||0|0|104398222.22|58406229.771|15063376.904|6517|0|0|0|
2327|1662811032.290518|2022-09-10 13:57:12.290518+02|16384|test|33|587888803|0|1330031|3388262346|745670648|734798512|156199359|146198439|0|0|1|200417280|0|||0|0|104430240.347|58426755.015|15070320.674|6519|0|0|0|
2328|1662811033.305673|2022-09-10 13:57:13.305673+02|16384|test|33|587955725|0|1330475|3389000874|745804735|734932560|156266277|146265357|0|0|1|200417280|0|||0|0|104462255.77|58447332.108|15077232.247|6521|0|0|0|
2329|1662811034.320440|2022-09-10 13:57:14.32044+02|16384|test|33|588014243|0|1331000|3389647080|745922016|735049800|156324791|146323871|0|0|1|200417280|0|||0|0|104494277.379|58468966.392|15083532.067|6523|0|0|0|
2330|1662811035.335615|2022-09-10 13:57:15.335615+02|16384|test|33|588075321|0|1331421|3390318943|746044422|735172160|156383884|146384945|0|0|1|200417280|0|||0|0|104525293.671|58489372.555|15089932.891|6525|0|0|0|
2331|1662811036.350805|2022-09-10 13:57:16.350805+02|16384|test|33|588144589|0|1331764|3391084983|746183206|735310900|156455129|146454209|0|0|1|200417280|0|||0|0|104558309.946|58510536.258|15097093.893|6527|0|0|0|
2332|1662811037.366234|2022-09-10 13:57:17.366234+02|16384|test|33|588209923|0|1332011|3391797451|746314135|735441772|156520459|146517391|0|0|1|200417280|0|||0|0|104589324.986|58530369.643|15103848.817|6529|0|0|0|
2333|1662811038.381419|2022-09-10 13:57:18.381419+02|16384|test|33|588279137|0|1332437|3392570123|746452822|735580404|156589669|146588749|0|0|1|200417280|0|||0|0|104622340.938|58551510.049|15111030.221|6531|0|0|0|
2334|1662811039.396131|2022-09-10 13:57:19.396131+02|16384|test|33|588340859|0|1332942|3393249559|746576520|735704052|156649502|146650467|0|0|1|200417280|0|||0|0|104654360.607|58572509.733|15117710.962|6533|0|0|0|
2335|1662811040.411761|2022-09-10 13:57:20.411761+02|16384|test|33|588401116|0|1333267|3393916452|746697280|735824770|156711640|146710720|0|0|1|200417280|0|||0|0|104686375.647|58593885.649|15124138.322|6535|0|0|0|
2336|1662811041.427262|2022-09-10 13:57:21.427262+02|16384|test|33|588466375|0|1333596|3394634742|746828050|735955492|156774751|146775975|0|0|1|200417280|0|||0|0|104717392.772|58613806.884|15130826.491|6537|0|0|0|
2337|1662811042.442038|2022-09-10 13:57:22.442038+02|16384|test|33|588535698|0|1334026|3395402355|746966956|736094342|156846214|146845294|0|0|1|200417280|0|||0|0|104750409.235|58634977.057|15137973.872|6539|0|0|0|
2338|1662811043.458049|2022-09-10 13:57:23.458049+02|16384|test|33|588602737|0|1334591|3396142288|747101293|736228624|156913249|146912329|0|0|1|200417280|0|||0|0|104782423.875|58655511.124|15144914.274|6541|0|0|0|
2339|1662811044.473217|2022-09-10 13:57:24.473217+02|16384|test|33|588669866|0|1334875|3396883213|747235795|736363086|156980374|146979454|0|0|1|200417280|0|||0|0|104814446.225|58675968.489|15151879.65|6543|0|0|0|
2340|1662811045.488531|2022-09-10 13:57:25.488531+02|16384|test|33|588725312|0|1335379|3397495346|747346938|736474182|157035816|147034896|0|0|1|200417280|0|||0|0|104846461.885|58697883.896|15157967.576|6545|0|0|0|
2341|1662811046.504151|2022-09-10 13:57:26.504151+02|16384|test|33|588792522|0|1335763|3398236957|747481603|736608806|157103022|147102102|0|0|1|200417280|0|||0|0|104878478.406|58718430.195|15164888.98|6547|0|0|0|
2342|1662811047.519558|2022-09-10 13:57:27.519558+02|16384|test|33|588859679|0|1336230|3398978312|747616169|736743324|157170175|147169255|0|0|1|200417280|0|||0|0|104910494.209|58738981.456|15171814.954|6549|0|0|0|
2343|1662811048.534953|2022-09-10 13:57:28.534953+02|16384|test|33|588926890|0|1336573|3399719684|747750849|736877950|157237382|147236462|0|0|1|200417280|0|||0|0|104942511.02|58759468.618|15178789.223|6551|0|0|0|
2344|1662811049.550295|2022-09-10 13:57:29.550295+02|16384|test|33|588993979|0|1336999|3400460308|747885287|737012332|157304467|147303547|0|0|1|200417280|0|||0|0|104974524.528|58780005.467|15185718.597|6553|0|0|0|
2345|1662811050.565903|2022-09-10 13:57:30.565903+02|16384|test|33|589047050|0|1337401|3401045935|747991672|737118678|157357534|147356614|0|0|1|200417280|0|||0|0|105005539.843|58801169.542|15191676.784|6555|0|0|0|
2346|1662811051.581511|2022-09-10 13:57:31.581511+02|16384|test|33|589116082|0|1337725|3401807599|748129979|737256946|157426562|147425642|0|0|1|200417280|0|||0|0|105038556.645|58822368.132|15198819.612|6557|0|0|0|
2347|1662811052.597118|2022-09-10 13:57:32.597118+02|16384|test|33|589183174|0|1338152|3402548257|748264413|737391334|157493650|147492730|0|0|1|200417280|0|||0|0|105070573.782|58842888.854|15205764.622|6559|0|0|0|
2348|1662811053.612160|2022-09-10 13:57:33.61216+02|16384|test|33|589250086|0|1338757|3403286827|748398483|737525362|157560558|147559638|0|0|1|200417280|0|||0|0|105102587.386|58863492.443|15212645.46|6561|0|0|0|
2349|1662811054.627953|2022-09-10 13:57:34.627953+02|16384|test|33|589317486|0|1339141|3404030797|748533525|737660366|157627954|147627034|0|0|1|200417280|0|||0|0|105134605.443|58884013.239|15219581.493|6563|0|0|0|
2350|1662811055.643661|2022-09-10 13:57:35.643661+02|16384|test|33|589373011|0|1339545|3404643747|748644813|737771620|157683475|147682555|0|0|1|200417280|0|||0|0|105166619.765|58905831.328|15225748.765|6565|0|0|0|
2351|1662811056.659641|2022-09-10 13:57:36.659641+02|16384|test|33|589440449|0|1339789|3405387767|748779935|737906700|157750909|147749989|0|0|1|200417280|0|||0|0|105198636.788|58926333.268|15232704.903|6567|0|0|0|
2352|1662811057.675287|2022-09-10 13:57:37.675287+02|16384|test|33|589505776|0|1340340|3406109381|748910828|738037558|157816232|147815312|0|0|1|200417280|0|||0|0|105229653.781|58946184.603|15239452.47|6569|0|0|0|
2353|1662811058.690644|2022-09-10 13:57:38.690644+02|16384|test|33|589575270|0|1340746|3406876562|749050063|738176750|157885722|147884802|0|0|1|200417280|0|||0|0|105262670.522|58967333.957|15246622.772|6571|0|0|0|
2354|1662811059.706194|2022-09-10 13:57:39.706194+02|16384|test|33|589642666|0|1341294|3407620946|749185105|738311746|157953114|147952194|0|0|1|200417280|0|||0|0|105294686.773|58987873.371|15253545.826|6573|0|0|0|
2355|1662811060.721145|2022-09-10 13:57:40.721145+02|16384|test|33|589697723|0|1341596|3408228383|749295467|738422064|158008167|148007247|0|0|1|200417280|0|||0|0|105326703.193|59009833.351|15259620.962|6575|0|0|0|
2356|1662811061.736988|2022-09-10 13:57:41.736988+02|16384|test|33|589765023|0|1342040|3408971038|749430315|738556868|158075463|148074543|0|0|1|200417280|0|||0|0|105358719.869|59030420.547|15266509.347|6577|0|0|0|
2357|1662811062.752444|2022-09-10 13:57:42.752444+02|16384|test|34|589871798|0|1342654|3410154204|749645046|738770850|158182234|148181314|0|0|1|200417280|0|||0|0|105409742.016|59063225.018|15277490.848|6579|0|0|0|
2358|1662811063.768059|2022-09-10 13:57:43.768059+02|16384|test|34|589937461|0|1343245|3410882429|749777202|738902536|158247893|148246973|0|0|1|200417280|0|||0|0|105441757.378|59083940.556|15284295.842|6581|0|0|0|
2359|1662811064.783811|2022-09-10 13:57:44.783811+02|16384|test|34|590017545|0|1343672|3411766385|749937632|739062908|158327973|148327053|0|0|1|200417280|0|||0|0|105486778.369|59114421.644|15293087.053|6583|0|0|0|
2360|1662811065.799225|2022-09-10 13:57:45.799225+02|16384|test|34|590083297|0|1343956|3412491840|750069391|739194616|158393721|148392801|0|0|1|200417280|0|||0|0|105518794.638|59135242.024|15299804.586|6585|0|0|0|
2361|1662811066.814228|2022-09-10 13:57:46.814228+02|16384|test|34|590148828|0|1344380|3413215123|750200714|739325882|158459248|148458328|0|0|1|200417280|0|||0|0|105550810.605|59156005.199|15306579.965|6587|0|0|0|
2362|1662811067.829200|2022-09-10 13:57:47.8292+02|16384|test|34|590214246|0|1344906|3413937398|750331802|739456922|158524662|148523742|0|0|1|200417280|0|||0|0|105582827.732|59176781.46|15313351.953|6589|0|0|0|
2363|1662811068.844702|2022-09-10 13:57:48.844702+02|16384|test|34|590279659|0|1345268|3414659064|750462880|739587952|158590071|148589151|0|0|1|200417280|0|||0|0|105614843.72|59197624.008|15320064.165|6591|0|0|0|
2364|1662811069.860688|2022-09-10 13:57:49.860688+02|16384|test|34|590331912|0|1345611|3415234286|750567631|739692662|158640690|148641400|0|0|1|200417280|0|||0|0|105645865.444|59218928.393|15325953.882|6593|0|0|0|
2365|1662811070.876913|2022-09-10 13:57:50.876913+02|16384|test|34|590398413|0|1346158|3415970351|750700890|739825868|158708817|148707897|0|0|1|200417280|0|||0|0|105678882.095|59240510.186|15332825.409|6595|0|0|0|
2366|1662811071.892489|2022-09-10 13:57:51.892489+02|16384|test|34|590464096|0|1346500|3416694881|750832515|739957438|158774496|148773576|0|0|1|200417280|0|||0|0|105710898.401|59261235.733|15339627.376|6597|0|0|0|
2367|1662811072.907891|2022-09-10 13:57:52.907891+02|16384|test|34|590529509|0|1346843|3417416482|750963589|740088468|158839905|148838985|0|0|1|200417280|0|||0|0|105742915.052|59282024.745|15346383.071|6599|0|0|0|
2368|1662811073.923101|2022-09-10 13:57:53.923101+02|16384|test|33|590594777|0|1347217|3418563461|751095406|740219366|158905163|148904247|0|0|1|200417280|0|||0|0|105774930.685|59302833.193|15353124.257|6601|0|0|0|
2369|1662811074.938655|2022-09-10 13:57:54.938655+02|16384|test|33|590650668|0|1347803|3419181416|751207701|740331631|158961050|148960134|0|0|1|200417280|0|||0|0|105805947.581|59323671.162|15359256.826|6603|0|0|0|
2370|1662811075.953684|2022-09-10 13:57:55.953684+02|16384|test|33|590717086|0|1348085|3419913993|751340792|740464680|159027464|149026548|0|0|1|200417280|0|||0|0|105838963.497|59345149.833|15366226.646|6605|0|0|0|
2371|1662811076.969517|2022-09-10 13:57:56.969517+02|16384|test|33|590784127|0|1348751|3420654378|751475129|740598966|159094501|149093585|0|0|1|200417280|0|||0|0|105870980.457|59365720.155|15373148.926|6607|0|0|0|
2372|1662811077.985061|2022-09-10 13:57:57.985061+02|16384|test|33|590851423|0|1348873|3421396364|751609968|740733762|159161793|149160877|0|0|1|200417280|0|||0|0|105902995.399|59386172.263|15380140.381|6609|0|0|0|
2373|1662811079.000067|2022-09-10 13:57:59.000067+02|16384|test|33|590918521|0|1349301|3422137306|751744410|740868162|159228887|149227971|0|0|1|200417280|0|||0|0|105935010.635|59406698.115|15387080.241|6611|0|0|0|
2374|1662811080.015193|2022-09-10 13:58:00.015193+02|16384|test|33|590979124|0|1349787|3422806559|751865858|740989572|159289486|149288570|0|0|1|200417280|0|||0|0|105967029.7|59427877.021|15393620.565|6613|0|0|0|
2375|1662811081.030398|2022-09-10 13:58:01.030398+02|16384|test|33|591041308|0|1350151|3423492773|751990476|741114144|159351666|149350750|0|0|1|200417280|0|||0|0|105999045.957|59449038.636|15400170.573|6615|0|0|0|
2376|1662811082.045945|2022-09-10 13:58:02.045945+02|16384|test|33|591108258|0|1350639|3424232027|752124629|741248248|159418612|149417696|0|0|1|200417280|0|||0|0|106031062.188|59469580.271|15407096.577|6617|0|0|0|
2377|1662811083.061794|2022-09-10 13:58:03.061794+02|16384|test|33|591175398|0|1351086|3424973279|752259165|741382732|159485748|149484832|0|0|1|200417280|0|||0|0|106063083.884|59490136.789|15414013.426|6619|0|0|0|
2378|1662811084.077350|2022-09-10 13:58:04.07735+02|16384|test|33|591242330|0|1351590|3425712224|752393290|741516800|159552676|149551760|0|0|1|200417280|0|||0|0|106095101.165|59510689.612|15420935.937|6621|0|0|0|
2379|1662811085.093092|2022-09-10 13:58:05.093092+02|16384|test|33|591307111|0|1351794|3426426944|752523102|741646566|159617453|149616537|0|0|1|200417280|0|||0|0|106127782.57|59531852.175|15427899.983|6623|0|0|0|
2380|1662811086.108137|2022-09-10 13:58:06.108137+02|16384|test|33|591365748|0|1352099|3427074162|752640611|741764044|159676086|149675170|0|0|1|200417280|0|||0|0|106159796.553|59553474.055|15434179.88|6625|0|0|0|
2381|1662811087.123369|2022-09-10 13:58:07.123369+02|16384|test|33|591432534|0|1352704|3427811459|752774446|741897820|159742868|149741952|0|0|1|200417280|0|||0|0|106191813.354|59574092.192|15441062.031|6627|0|0|0|
2382|1662811088.138410|2022-09-10 13:58:08.13841+02|16384|test|33|591499768|0|1352990|3428553490|752909165|742032492|159810098|149809182|0|0|1|200417280|0|||0|0|106223828.918|59594557.826|15448045.137|6629|0|0|0|
2383|1662811089.153624|2022-09-10 13:58:09.153624+02|16384|test|33|591566799|0|1353378|3429293822|753043481|742166758|159877125|149876209|0|0|1|200417280|0|||0|0|106255845.978|59615074.411|15454999.217|6631|0|0|0|
2384|1662811090.168743|2022-09-10 13:58:10.168743+02|16384|test|33|591633777|0|1353925|3430033228|753177687|742300918|159944099|149943183|0|0|1|200417280|0|||0|0|106287933.197|59635662.368|15461915.976|6633|0|0|0|
2385|1662811091.183438|2022-09-10 13:58:11.183438+02|16384|test|33|591689515|0|1354155|3430648696|753289404|742412598|159999833|149998917|0|0|1|200417280|0|||0|0|106319949.784|59657352.602|15468140.966|6635|0|0|0|
2386|1662811092.199379|2022-09-10 13:58:12.199379+02|16384|test|33|591754646|0|1354718|3431365249|753419908|742543064|160062822|150064044|0|0|1|200417280|0|||0|0|106350966.504|59677221.105|15474873.825|6637|0|0|0|
2387|1662811093.215059|2022-09-10 13:58:13.215059+02|16384|test|33|591823686|0|1355226|3432129838|753558241|742681348|160133996|150133080|0|0|1|200417280|0|||0|0|106383982.706|59698425.711|15482004.534|6639|0|0|0|
2388|1662811094.230802|2022-09-10 13:58:14.230802+02|16384|test|33|591890906|0|1355532|3432871696|753692918|742815992|160201212|150200296|0|0|1|200417280|0|||0|0|106415999.032|59718953.807|15488934.909|6641|0|0|0|
2389|1662811095.245725|2022-09-10 13:58:15.245725+02|16384|test|33|591957829|0|1355914|3433609893|753827010|742950042|160268131|150267215|0|0|1|200417280|0|||0|0|106448013.915|59739465.024|15495889.188|6643|0|0|0|
2390|1662811096.261322|2022-09-10 13:58:16.261322+02|16384|test|33|592012493|0|1356380|3434213765|753936588|743059574|160322791|150321875|0|0|1|200417280|0|||0|0|106480031.768|59761077.151|15502217.104|6645|0|0|0|
2391|1662811097.276567|2022-09-10 13:58:17.276567+02|16384|test|33|592079615|0|1356768|3434954834|754071077|743194022|160389909|150388993|0|0|1|200417280|0|||0|0|106512047.445|59781611.439|15509147.79|6647|0|0|0|
2392|1662811098.291614|2022-09-10 13:58:18.291614+02|16384|test|33|592146589|0|1357091|3435693617|754205265|743328174|160456879|150455963|0|0|1|200417280|0|||0|0|106544062.147|59802125.106|15516102.191|6649|0|0|0|
2393|1662811099.306340|2022-09-10 13:58:19.30634+02|16384|test|33|592213784|0|1357542|3436436005|754339910|743462768|160524070|150523154|0|0|1|200417280|0|||0|0|106576078.303|59822646.857|15523038.16|6651|0|0|0|
2394|1662811100.321460|2022-09-10 13:58:20.32146+02|16384|test|33|592280818|0|1358190|3437176415|754474232|743597040|160591100|150590184|0|0|1|200417280|0|||0|0|106608094.167|59843157.571|15529991.908|6653|0|0|0|
2395|1662811101.336734|2022-09-10 13:58:21.336734+02|16384|test|33|592334041|0|1358552|3437763676|754580908|743703690|160644319|150643403|0|0|1|200417280|0|||0|0|106639109.104|59864230.079|15536021.319|6655|0|0|0|
2396|1662811102.352008|2022-09-10 13:58:22.352008+02|16384|test|33|592403136|0|1358876|3438525838|754719344|743842084|160713410|150712494|0|0|1|200417280|0|||0|0|106672125.285|59885420.138|15543156.483|6657|0|0|0|
2397|1662811103.366902|2022-09-10 13:58:23.366902+02|16384|test|33|592470276|0|1359321|3439267214|754853874|743976568|160780546|150779630|0|0|1|200417280|0|||0|0|106704142.205|59905956.513|15550087.836|6659|0|0|0|
2398|1662811104.381745|2022-09-10 13:58:24.381745+02|16384|test|33|592537578|0|1359745|3440009920|754988734|744111376|160847844|150846928|0|0|1|200417280|0|||0|0|106736156.562|59926490.049|15557018.601|6661|0|0|0|
2399|1662811105.396685|2022-09-10 13:58:25.396685+02|16384|test|33|592604934|0|1360129|3440753218|755123709|744246292|160915196|150914280|0|0|1|200417280|0|||0|0|106768172.598|59947010.963|15563953.551|6663|0|0|0|
2400|1662811106.411890|2022-09-10 13:58:26.41189+02|16384|test|33|592660135|0|1360415|3441362652|755234348|744356898|160970393|150969477|0|0|1|200417280|0|||0|0|106800188.612|59968901.898|15570087.206|6665|0|0|0|
2401|1662811107.427704|2022-09-10 13:58:27.427704+02|16384|test|33|592727647|0|1360823|3442107880|755369630|744492126|161037901|151036985|0|0|1|200417280|0|||0|0|106832202.729|59989475.781|15576970.498|6667|0|0|0|
2402|1662811108.443061|2022-09-10 13:58:28.443061+02|16384|test|33|592795058|0|1361210|3442852140|755504696|744627152|161105308|151104392|0|0|1|200417280|0|||0|0|106864218.944|60009995.634|15583907.948|6669|0|0|0|
2403|1662811109.458082|2022-09-10 13:58:29.458082+02|16384|test|33|592862091|0|1361693|3443591721|755639000|744761422|161172337|151171421|0|0|1|200417280|0|||0|0|106896233.795|60030548.606|15590827.137|6671|0|0|0|
2404|1662811110.473698|2022-09-10 13:58:30.473698+02|16384|test|33|592929460|0|1362097|3444335188|755773987|744896364|161239702|151238786|0|0|1|200417280|0|||0|0|106928251.966|60051099.948|15597742.252|6673|0|0|0|
2405|1662811111.488058|2022-09-10 13:58:31.488058+02|16384|test|33|592984614|0|1362763|3444944572|755884528|745006876|161294852|151293936|0|0|1|200417280|0|||0|0|106960267.391|60072982.152|15603790.58|6675|0|0|0|
2406|1662811112.503397|2022-09-10 13:58:32.503397+02|16384|test|33|593052274|0|1363025|3445690730|756020091|745142400|161362508|151361592|0|0|1|200417280|0|||0|0|106992283.786|60093508.309|15610714.557|6677|0|0|0|
2407|1662811113.518705|2022-09-10 13:58:33.518705+02|16384|test|33|593119492|0|1363433|3446432727|756154766|745277040|161429722|151428806|0|0|1|200417280|0|||0|0|107024301.09|60114087.635|15617605.818|6679|0|0|0|
2408|1662811114.534292|2022-09-10 13:58:34.534292+02|16384|test|33|593186853|0|1363759|3447176286|756289724|745411966|161497079|151496163|0|0|1|200417280|0|||0|0|107056317.665|60134634.367|15624524.297|6681|0|0|0|
2409|1662811115.548855|2022-09-10 13:58:35.548855+02|16384|test|33|593254057|0|1364183|3447917930|756424381|745546578|161564279|151563363|0|0|1|200417280|0|||0|0|107088334.592|60155208.939|15631425.75|6683|0|0|0|
2410|1662811116.563706|2022-09-10 13:58:36.563706+02|16384|test|33|593310059|0|1364869|3448536734|756536630|745658786|161620277|151619361|0|0|1|200417280|0|||0|0|107120353.138|60176971.061|15637591.938|6685|0|0|0|
2411|1662811117.579403|2022-09-10 13:58:37.579403+02|16384|test|33|593376018|0|1365151|3449264240|756668795|745790908|161686232|151685316|0|0|1|200417280|0|||0|0|107152368.53|60197708.04|15644384.279|6687|0|0|0|
2412|1662811118.594446|2022-09-10 13:58:38.594446+02|16384|test|33|593441429|0|1365534|3449985857|756799862|745921934|161751639|151750723|0|0|1|200417280|0|||0|0|107183383.64|60217661.346|15651044.689|6689|0|0|0|
2413|1662811119.609009|2022-09-10 13:58:39.609009+02|16384|test|33|593510826|0|1365918|3450751643|756938900|746060932|161821032|151820116|0|0|1|200417280|0|||0|0|107216398.793|60238851.089|15658177.253|6691|0|0|0|
2414|1662811120.624469|2022-09-10 13:58:40.624469+02|16384|test|33|593578065|0|1366244|3451493631|757073613|746195614|161888267|151887351|0|0|1|200417280|0|||0|0|107248415.195|60259417.177|15665079.651|6693|0|0|0|
2415|1662811121.639092|2022-09-10 13:58:41.639092+02|16384|test|33|593635036|0|1366790|3452122867|757187793|746309760|161945234|151944318|0|0|1|200417280|0|||0|0|107279434.393|60280157.082|15671324.839|6695|0|0|0|
2416|1662811122.654377|2022-09-10 13:58:42.654377+02|16384|test|33|593700332|0|1367072|3452873353|757319676|746440710|162010522|152009610|0|0|1|200417280|0|||0|0|107312450.649|60301848.217|15678149.522|6697|0|0|0|
2417|1662811123.669748|2022-09-10 13:58:43.669748+02|16384|test|33|593767010|0|1367528|3453618358|757454887|746574654|162077196|152076284|0|0|1|200417280|0|||0|0|107344465.083|60322372.498|15685080.738|6699|0|0|0|
2418|1662811124.684668|2022-09-10 13:58:44.684668+02|16384|test|33|593834315|0|1367910|3454360853|757589758|746709468|162144497|152143585|0|0|1|200417280|0|||0|0|107376481.436|60342932.036|15691988.165|6701|0|0|0|
2419|1662811125.701295|2022-09-10 13:58:45.701295+02|16384|test|33|593901386|0|1368374|3455101034|757724153|746843814|162211564|152210652|0|0|1|200417280|0|||0|0|107408499.451|60363522.221|15698880.669|6703|0|0|0|
2420|1662811126.715825|2022-09-10 13:58:46.715825+02|16384|test|33|593962949|0|1368800|3455780906|757847543|746967144|162273123|152272211|0|0|1|200417280|0|||0|0|107440519.5|60384619.986|15705471.349|6705|0|0|0|
2421|1662811127.731154|2022-09-10 13:58:47.731154+02|16384|test|33|594023616|0|1369222|3456450247|757969116|747088682|162333786|152332874|0|0|1|200417280|0|||0|0|107472535.543|60405968.031|15711912.793|6707|0|0|0|
2422|1662811128.746908|2022-09-10 13:58:48.746908+02|16384|test|33|594090995|0|1369690|3457194214|758104116|747223644|162401161|152400249|0|0|1|200417280|0|||0|0|107504551.164|60426471.814|15718863.949|6709|0|0|0|
2423|1662811129.762896|2022-09-10 13:58:49.762896+02|16384|test|33|594175252|0|1370139|3458124091|758272892|747392362|162485414|152484502|0|0|1|200417280|0|||0|0|107544569.841|60452161.927|15727499.797|6711|0|0|0|
2424|1662811130.778467|2022-09-10 13:58:50.778467+02|16384|test|33|594265785|0|1370706|3459123237|758454229|747573632|162575943|152575031|0|0|1|200417280|0|||0|0|107587589.687|60479769.054|15736802.463|6713|0|0|0|
2425|1662811131.793439|2022-09-10 13:58:51.793439+02|16384|test|33|594324376|0|1370910|3459769803|758571650|747691018|162634530|152633618|0|0|1|200417280|0|||0|0|107619958.86|60501496.567|15743236.438|6715|0|0|0|
2426|1662811132.808150|2022-09-10 13:58:52.80815+02|16384|test|33|594388326|0|1371618|3460476248|758699789|747819122|162698476|152697564|0|0|1|200417280|0|||0|0|107651975.521|60522439.338|15749929.506|6717|0|0|0|
2427|1662811133.823280|2022-09-10 13:58:53.82328+02|16384|test|33|594455438|0|1371820|3461206265|758834266|747953550|162763499|152762594|0|0|1|200417280|0|||0|0|107683990.838|60542973.502|15756864.778|6719|0|0|0|
2428|1662811134.838985|2022-09-10 13:58:54.838985+02|16384|test|33|594522469|0|1372367|3461956769|758968574|748087816|162832611|152831699|0|0|1|200417280|0|||0|0|107716007.105|60563523.973|15763789.874|6721|0|0|0|
2429|1662811135.854357|2022-09-10 13:58:55.854357+02|16384|test|33|594593949|0|1372530|3462745261|759111777|748230980|162904087|152903175|0|0|1|200417280|0|||0|0|107750025.245|60585347.176|15771154.632|6723|0|0|0|
2430|1662811136.870444|2022-09-10 13:58:56.870444+02|16384|test|33|594653002|0|1373196|3463397258|759230127|748349290|162963136|152962224|0|0|1|200417280|0|||0|0|107782041.891|60606704.874|15777589.455|6725|0|0|0|
2431|1662811137.886270|2022-09-10 13:58:57.88627+02|16384|test|33|594738809|0|1373700|3464343874|759402001|748521108|163048939|153048027|0|0|1|200417280|0|||0|0|107825059.236|60634757.311|15786626.925|6727|0|0|0|
2432|1662811138.901780|2022-09-10 13:58:58.90178+02|16384|test|33|594806385|0|1374188|3465090208|759537405|748656464|163116511|153115599|0|0|1|200417280|0|||0|0|107857075.819|60655294.457|15793548.334|6729|0|0|0|
2433|1662811139.917334|2022-09-10 13:58:59.917334+02|16384|test|33|594873722|0|1374511|3465833041|759672336|748791342|163183844|153182932|0|0|1|200417280|0|||0|0|107889090.925|60675807.238|15800494.754|6731|0|0|0|
2434|1662811140.932540|2022-09-10 13:59:00.93254+02|16384|test|33|594941059|0|1374976|3466576291|759807259|748926220|163251177|153250265|0|0|1|200417280|0|||0|0|107921106.588|60696324.955|15807433.229|6733|0|0|0|
2435|1662811141.948182|2022-09-10 13:59:01.948182+02|16384|test|33|594995114|0|1375283|3467173309|759915607|749034534|163305228|153304316|0|0|1|200417280|0|||0|0|107953121.477|60718273.468|15813516.274|6735|0|0|0|
2436|1662811142.963723|2022-09-10 13:59:02.963723+02|16384|test|33|595062380|0|1375828|3467915992|760050377|749169270|163372490|153371578|0|0|1|200417280|0|||0|0|107985137.336|60738804.138|15820453.344|6737|0|0|0|
2437|1662811143.979099|2022-09-10 13:59:03.979099+02|16384|test|33|595129461|0|1376355|3468656765|760184784|749303636|163439567|153438655|0|0|1|200417280|0|||0|0|108017154.376|60759328.741|15827393.987|6739|0|0|0|
2438|1662811144.994222|2022-09-10 13:59:04.994222+02|16384|test|33|595196672|0|1376699|3469398363|760319454|749438262|163506774|153505862|0|0|1|200417280|0|||0|0|108049169.981|60779830.15|15834359.3|6741|0|0|0|
2439|1662811146.010020|2022-09-10 13:59:06.01002+02|16384|test|33|595263986|0|1377063|3470141101|760454326|749573094|163574084|153573172|0|0|1|200417280|0|||0|0|108081187.767|60800355.657|15841293.174|6743|0|0|0|
2440|1662811147.025800|2022-09-10 13:59:07.0258+02|16384|test|33|595318567|0|1377389|3470743842|760563731|749682460|163628661|153627749|0|0|1|200417280|0|||0|0|108113205.196|60822177.905|15847402.789|6745|0|0|0|
2441|1662811148.041873|2022-09-10 13:59:08.041873+02|16384|test|33|595386006|0|1377793|3471488050|760698855|749817542|163696096|153695184|0|0|1|200417280|0|||0|0|108145222.181|60842700.46|15854337.687|6747|0|0|0|
2442|1662811149.056913|2022-09-10 13:59:09.056913+02|16384|test|33|595453191|0|1378321|3472229916|760833467|749952116|163763277|153762365|0|0|1|200417280|0|||0|0|108177239.083|60863287.012|15861234.898|6749|0|0|0|
2443|1662811150.071996|2022-09-10 13:59:10.071996+02|16384|test|33|595520021|0|1378805|3472967677|760967376|750085980|163830103|153829191|0|0|1|200417280|0|||0|0|108209255.203|60883941.392|15868081.393|6751|0|0|0|
2444|1662811151.086805|2022-09-10 13:59:11.086805+02|16384|test|33|595586922|0|1379287|3473705728|761101423|750219986|163897000|153896088|0|0|1|200417280|0|||0|0|108241270.542|60904554.724|15874958.451|6753|0|0|0|
2445|1662811152.102266|2022-09-10 13:59:12.102266+02|16384|test|33|595640363|0|1379802|3474295590|761208544|750327072|163950437|153949525|0|0|1|200417280|0|||0|0|108273287.528|60926667.283|15880970.323|6755|0|0|0|
2446|1662811153.117752|2022-09-10 13:59:13.117752+02|16384|test|33|595707692|0|1379803|3475038060|761343443|750461934|164017762|154016850|0|0|1|200417280|0|||0|0|108305303.755|60947219.988|15887877.182|6757|0|0|0|
2447|1662811154.133108|2022-09-10 13:59:14.133108+02|16384|test|33|595774903|0|1380371|3475780270|761478107|750596560|164084969|154084057|0|0|1|200417280|0|||0|0|108337320.771|60967739.9|15894823.557|6759|0|0|0|
2448|1662811155.147986|2022-09-10 13:59:15.147986+02|16384|test|33|595842260|0|1380796|3476523682|761613060|750731478|164152322|154151410|0|0|1|200417280|0|||0|0|108369336.884|60988249.206|15901778.009|6761|0|0|0|
2449|1662811156.163747|2022-09-10 13:59:16.163747+02|16384|test|33|595909500|0|1381158|3477265386|761747788|750866162|164219558|154218646|0|0|1|200417280|0|||0|0|108401353.323|61008752.957|15908738.778|6763|0|0|0|
2450|1662811157.179203|2022-09-10 13:59:17.179203+02|16384|test|33|595964583|0|1381540|3477873154|761858191|750976532|164274637|154273725|0|0|1|200417280|0|||0|0|108433372.271|61030558.749|15914938.184|6765|0|0|0|
2451|1662811158.193912|2022-09-10 13:59:18.193912+02|16384|test|33|596028875|0|1381964|3478582640|761987018|751105320|164338925|154338013|0|0|1|200417280|0|||0|0|108464388.195|61050578.671|15921564.736|6767|0|0|0|
2452|1662811159.208743|2022-09-10 13:59:19.208743+02|16384|test|33|596098212|0|1382289|3479347796|762125936|751244198|164408258|154407346|0|0|1|200417280|0|||0|0|108497405.267|61071739.81|15928724.487|6769|0|0|0|
2453|1662811160.224694|2022-09-10 13:59:20.224694+02|16384|test|33|596165160|0|1383057|3480087178|762260072|751378298|164475202|154474290|0|0|1|200417280|0|||0|0|108529421.538|61092366.802|15935580.156|6771|0|0|0|
2454|1662811161.240279|2022-09-10 13:59:21.240279+02|16384|test|33|596232328|0|1383259|3480828031|762394650|751512838|164542366|154541454|0|0|1|200417280|0|||0|0|108561438.607|61112920.512|15942497.517|6773|0|0|0|
2455|1662811162.255193|2022-09-10 13:59:22.255193+02|16384|test|33|596289372|0|1383866|3481458255|762508977|751627130|164599406|154598494|0|0|1|200417280|0|||0|0|108593465.258|61134614.168|15948744.245|6775|0|0|0|
2456|1662811163.270660|2022-09-10 13:59:23.27066+02|16384|test|33|596352523|0|1384048|3482154828|762635522|751753636|164662553|154661641|0|0|1|200417280|0|||0|0|108625481.529|61155707.629|15955318.032|6777|0|0|0|
2457|1662811164.286289|2022-09-10 13:59:24.286289+02|16384|test|33|596419736|0|1384333|3482896617|762770191|751888266|164729762|154728850|0|0|1|200417280|0|||0|0|108657497.083|61176250.73|15962244.504|6779|0|0|0|
2458|1662811165.301800|2022-09-10 13:59:25.3018+02|16384|test|33|596486919|0|1384920|3483626108|762900691|752018730|164796941|154796029|0|0|1|200417280|0|||0|0|108689514.273|61196812.669|15969149.646|6781|0|0|0|
2459|1662811166.317551|2022-09-10 13:59:26.317551+02|16384|test|33|596554123|0|1385326|3484380339|763039459|752157448|164864141|154863229|0|0|1|200417280|0|||0|0|108721531.448|61217346.769|15976079.994|6783|0|0|0|
2460|1662811167.333344|2022-09-10 13:59:27.333344+02|16384|test|33|596614433|0|1385708|3485045704|763160317|752278272|164924447|154923535|0|0|1|200417280|0|||0|0|108753550.246|61238662.747|15982558.636|6785|0|0|0|
2461|1662811168.349629|2022-09-10 13:59:28.349629+02|16384|test|33|596674270|0|1386072|3485706100|763280228|752398150|164984280|154983368|0|0|1|200417280|0|||0|0|108785567.563|61260138.726|15988918.444|6787|0|0|0|
2462|1662811169.364709|2022-09-10 13:59:29.364709+02|16384|test|33|596741625|0|1386436|3486449232|763415173|752533064|165051631|155050719|0|0|1|200417280|0|||0|0|108817586.097|61280651.822|15995870.476|6789|0|0|0|
2463|1662811170.380045|2022-09-10 13:59:30.380045+02|16384|test|33|596808602|0|1387000|3487188486|763549370|752667222|165118604|155117692|0|0|1|200417280|0|||0|0|108849601.208|61301242.73|16002771.052|6791|0|0|0|
2464|1662811171.395696|2022-09-10 13:59:31.395696+02|16384|test|33|596873871|0|1387324|3487908570|763680141|752797964|165183869|155182957|0|0|1|200417280|0|||0|0|108880616.769|61321071.21|16009536.511|6793|0|0|0|
2465|1662811172.410791|2022-09-10 13:59:32.410791+02|16384|test|33|596939847|0|1387855|3488637610|763812331|752930120|165249841|155248929|0|0|1|200417280|0|||0|0|108913667.884|61342644.462|16016474.941|6795|0|0|0|
2466|1662811173.425890|2022-09-10 13:59:33.42589+02|16384|test|33|596994844|0|1388379|3489244697|763922560|753040318|165304834|155303922|0|0|1|200417280|0|||0|0|108945682.725|61364880.164|16022359.073|6797|0|0|0|
2467|1662811174.441665|2022-09-10 13:59:34.441665+02|16384|test|33|597062290|0|1388462|3489988587|764057674|753175414|165372276|155371364|0|0|1|200417280|0|||0|0|108977698.124|61385417.282|16029278.689|6799|0|0|0|
2468|1662811175.457163|2022-09-10 13:59:35.457163+02|16384|test|33|597129472|0|1388945|3490729838|764192271|753309982|165439454|155438542|0|0|1|200417280|0|||0|0|109009713.666|61405942.526|16036219.39|6801|0|0|0|
2469|1662811176.472382|2022-09-10 13:59:36.472382+02|16384|test|33|597196691|0|1389431|3491471934|764326953|753444624|165506669|155505757|0|0|1|200417280|0|||0|0|109041728.724|61426498.539|16043132.766|6803|0|0|0|
2470|1662811177.488029|2022-09-10 13:59:37.488029+02|16384|test|33|597263590|0|1389757|3492210344|764460989|753578626|165573564|155572652|0|0|1|200417280|0|||0|0|109073750.044|61446992.441|16050100.029|6805|0|0|0|
2471|1662811178.503160|2022-09-10 13:59:38.50316+02|16384|test|33|597314108|0|1390141|3492766406|764562251|753679866|165622474|155623166|0|0|1|200417280|0|||0|0|109104765.341|61468625.162|16055771.561|6807|0|0|0|
2472|1662811179.517921|2022-09-10 13:59:39.517921+02|16384|test|33|597382597|0|1390523|3493523516|764699467|753817048|165692563|155691651|0|0|1|200417280|0|||0|0|109137781.004|61489905.638|16062864.436|6809|0|0|0|
2473|1662811180.532596|2022-09-10 13:59:40.532596+02|16384|test|33|597449772|0|1391009|3494265014|764834054|753951602|165759734|155758822|0|0|1|200417280|0|||0|0|109169799.243|61510426.245|16069813.573|6811|0|0|0|
2474|1662811181.548205|2022-09-10 13:59:41.548205+02|16384|test|33|597517119|0|1391373|3495008225|764968995|754086500|165827077|155826165|0|0|1|200417280|0|||0|0|109201814.229|61530944.803|16076752.033|6813|0|0|0|
2475|1662811182.564228|2022-09-10 13:59:42.564228+02|16384|test|34|597584073|0|1391879|3495747504|765103158|754220612|165894027|155893115|0|0|1|200417280|0|||0|0|109233829.424|61551468.045|16083703.968|6815|0|0|0|
2476|1662811183.579699|2022-09-10 13:59:43.579699+02|16384|test|33|597634850|0|1396699|3496373135|765207785|754322980|165944794|155943892|0|0|1|200417280|0|||0|0|109265846.436|61573713.805|16089658.621|6817|0|0|0|
2477|1662811184.594799|2022-09-10 13:59:44.594799+02|16384|test|33|597701513|0|1397085|3497121443|765343671|754456798|166011453|156010551|0|0|1|200417280|0|||0|0|109297861.523|61594279.738|16096570.935|6819|0|0|0|
2478|1662811185.610269|2022-09-10 13:59:45.610269+02|16384|test|33|597769136|0|1397389|3497867692|765479194|754592248|166079072|156078170|0|0|1|200417280|0|||0|0|109329880.011|61614791.784|16103511.412|6821|0|0|0|
2479|1662811186.625791|2022-09-10 13:59:46.625791+02|16384|test|33|597836248|0|1398034|3498608779|765613698|754726676|166146180|156145278|0|0|1|200417280|0|||0|0|109361907.62|61635385.599|16110413.344|6823|0|0|0|
2480|1662811187.640917|2022-09-10 13:59:47.640917+02|16384|test|33|597903597|0|1398338|3499351824|765748656|754861578|166213525|156212623|0|0|1|200417280|0|||0|0|109393923.149|61655854.015|16117403.637|6825|0|0|0|
2481|1662811188.655778|2022-09-10 13:59:48.655778+02|16384|test|33|597955061|0|1398701|3499919895|765851831|754964710|166264985|156264083|0|0|1|200417280|0|||0|0|109425938.178|61678271.554|16123207.965|6827|0|0|0|
2482|1662811189.671070|2022-09-10 13:59:49.67107+02|16384|test|33|598021857|0|1399165|3500657092|765985687|755098506|166331777|156330875|0|0|1|200417280|0|||0|0|109457954.478|61698939.605|16130051|6829|0|0|0|
2483|1662811190.685370|2022-09-10 13:59:50.68537+02|16384|test|33|598088840|0|1399407|3501395987|766119915|755232676|166398756|156397854|0|0|1|200417280|0|||0|0|109489967.699|61719577.2|16136901.777|6831|0|0|0|
2484|1662811191.700530|2022-09-10 13:59:51.70053+02|16384|test|33|598156407|0|1399923|3502141359|766255305|755368014|166466319|156465417|0|0|1|200417280|0|||0|0|109521982.64|61740126.28|16143814.284|6833|0|0|0|
2485|1662811192.716051|2022-09-10 13:59:52.716051+02|16384|test|33|598223950|0|1400328|3502886963|766390658|755503304|166533858|156532956|0|0|1|200417280|0|||0|0|109554000.114|61760637.979|16150762.571|6835|0|0|0|
2486|1662811193.731400|2022-09-10 13:59:53.7314+02|16384|test|33|598273361|0|1400832|3503432726|766489728|755602330|166583265|156582363|0|0|1|200417280|0|||0|0|109586018.7|61783467.75|16156317.23|6837|0|0|0|
2487|1662811194.746647|2022-09-10 13:59:54.746647+02|16384|test|33|598339847|0|1401176|3504166207|766622968|755735506|166649747|156648845|0|0|1|200417280|0|||0|0|109618034.708|61804194.446|16163109.448|6839|0|0|0|
2488|1662811195.761453|2022-09-10 13:59:55.761453+02|16384|test|33|598405219|0|1401640|3504887783|766753976|755866454|166715115|156714213|0|0|1|200417280|0|||0|0|109649050.388|61824138.71|16169781.226|6841|0|0|0|
2489|1662811196.776596|2022-09-10 13:59:56.776596+02|16384|test|33|598473767|0|1401862|3505643882|766891326|756003754|166783659|156782757|0|0|1|200417280|0|||0|0|109683066.553|61846511.633|16176799.727|6843|0|0|0|
2490|1662811197.792201|2022-09-10 13:59:57.792201+02|16384|test|33|598568919|0|1402588|3506693832|767081903|756194262|166878807|156877905|0|0|1|200417280|0|||0|0|109732092.244|61879076.338|16186718.96|6845|0|0|0|
2491|1662811198.807325|2022-09-10 13:59:58.807325+02|16384|test|33|598629618|0|1403114|3507363946|767203550|756315864|166939502|156938600|0|0|1|200417280|0|||0|0|109765108.359|61901344.486|16193196.442|6847|0|0|0|
2492|1662811199.822393|2022-09-10 13:59:59.822393+02|16384|test|33|598697064|0|1403178|3508108007|767338691|756450960|167006944|157006042|0|0|1|200417280|0|||0|0|109797126.642|61921952.085|16200070.466|6849|0|0|0|
2493|1662811200.837897|2022-09-10 14:00:00.837897+02|16384|test|33|598764553|0|1403842|3508853045|767473917|756586142|167074429|157073527|0|0|1|200417280|0|||0|0|109829142.64|61942498.518|16206998.702|6851|0|0|0|
2494|1662811201.853902|2022-09-10 14:00:01.853902+02|16384|test|33|598832097|0|1404269|3509598940|767609262|756721434|167141969|157141067|0|0|1|200417280|0|||0|0|109861163.137|61963045.069|16213921.472|6853|0|0|0|
2495|1662811202.868753|2022-09-10 14:00:02.868753+02|16384|test|33|598896923|0|1404455|3510314539|767739180|756851290|167206791|157205889|0|0|1|200417280|0|||0|0|109895185.468|61985734.099|16220755.272|6855|0|0|0|
2496|1662811203.882783|2022-09-10 14:00:03.882783+02|16384|test|33|598956412|0|1404797|3510970901|767858407|756970472|167266276|157265374|0|0|1|200417280|0|||0|0|109927200.233|62007212.661|16227108.998|6857|0|0|0|
2497|1662811204.898388|2022-09-10 14:00:04.898388+02|16384|test|33|599023318|0|1405561|3511709467|767992476|757104488|167333178|157332276|0|0|1|200417280|0|||0|0|109959216.56|62027828.487|16233988.958|6859|0|0|0|
2498|1662811205.913887|2022-09-10 14:00:05.913887+02|16384|test|33|599113770|0|1406193|3512708065|768173637|757285596|167423626|157422724|0|0|1|200417280|0|||0|0|110002235.831|62055405.605|16243315.068|6861|0|0|0|
2499|1662811206.929668|2022-09-10 14:00:06.929668+02|16384|test|33|599181187|0|1406536|3513451913|768308739|757420634|167491039|157490137|0|0|1|200417280|0|||0|0|110034253.99|62075974.526|16250219.669|6863|0|0|0|
2500|1662811207.945554|2022-09-10 14:00:07.945554+02|16384|test|33|599240362|0|1406758|3514104592|768427331|757539188|167550210|157549308|0|0|1|200417280|0|||0|0|110066279.016|62097411.108|16256619.369|6865|0|0|0|
2501|1662811208.960243|2022-09-10 14:00:08.960243+02|16384|test|33|599301080|0|1407122|3514774787|768549023|757660828|167610924|157610022|0|0|1|200417280|0|||0|0|110098295.137|62118752.886|16263060.467|6867|0|0|0|
2502|1662811209.975582|2022-09-10 14:00:09.975582+02|16384|test|33|599368589|0|1407688|3515520115|768684291|757796050|167678429|157677527|0|0|1|200417280|0|||0|0|110130311.307|62139268.508|16270002.567|6869|0|0|0|
2503|1662811210.991368|2022-09-10 14:00:10.991368+02|16384|test|33|599435689|0|1408175|3516260856|768818743|757930454|167745525|157744623|0|0|1|200417280|0|||0|0|110162329.075|62159893.383|16276865.246|6871|0|0|0|
2504|1662811212.006650|2022-09-10 14:00:12.00665+02|16384|test|33|599503207|0|1408620|3517006094|768954026|758065694|167813039|157812137|0|0|1|200417280|0|||0|0|110194345.033|62180411.388|16283804.201|6873|0|0|0|
2505|1662811213.022001|2022-09-10 14:00:13.022001+02|16384|test|33|599564948|0|1408802|3517675876|769073961|758185588|167874776|157873874|0|0|1|200417280|0|||0|0|110226368.239|62201430.862|16290466.704|6875|0|0|0|
2506|1662811214.037040|2022-09-10 14:00:14.03704+02|16384|test|33|599622419|0|1409266|3518321609|769192934|758304526|167932243|157931341|0|0|1|200417280|0|||0|0|110258384.71|62223200.359|16296654.068|6877|0|0|0|
2507|1662811215.052684|2022-09-10 14:00:15.052684+02|16384|test|33|599689830|0|1409570|3519065477|769328015|758439552|167999650|157998748|0|0|1|200417280|0|||0|0|110290400.089|62243732.45|16303583.335|6879|0|0|0|
2508|1662811216.067498|2022-09-10 14:00:16.067498+02|16384|test|33|599757028|0|1410138|3519807517|769462652|758574152|168066844|158065942|0|0|1|200417280|0|||0|0|110322415.46|62264326.534|16310469.234|6881|0|0|0|
2509|1662811217.082963|2022-09-10 14:00:17.082963+02|16384|test|33|599819574|0|1410462|3520497735|769587992|758699448|168129386|158128484|0|0|1|200417280|0|||0|0|110354432.318|62285667.827|16316906.78|6883|0|0|0|
2510|1662811218.098421|2022-09-10 14:00:18.098421+02|16384|test|33|599880460|0|1410972|3521170632|769710016|758821424|168190268|158189366|0|0|1|200417280|0|||0|0|110386524.427|62307301.421|16323183.417|6885|0|0|0|
2511|1662811219.113607|2022-09-10 14:00:19.113607+02|16384|test|33|599933984|0|1411194|3521761070|769817307|758928676|168243788|158242886|0|0|1|200417280|0|||0|0|110417539.166|62328506.153|16329109.482|6887|0|0|0|
2512|1662811220.128486|2022-09-10 14:00:20.128486+02|16384|test|33|599998420|0|1411802|3522472883|769946424|759057752|168308220|158307318|0|0|1|200417280|0|||0|0|110450552.452|62350679.811|16335608.347|6889|0|0|0|
2513|1662811221.143377|2022-09-10 14:00:21.143377+02|16384|test|33|600061411|0|1412026|3523165841|770072654|759183938|168369233|158370305|0|0|1|200417280|0|||0|0|110482567.759|62372097.225|16341965.909|6891|0|0|0|
2514|1662811222.158100|2022-09-10 14:00:22.1581+02|16384|test|33|600124006|0|1412431|3523858814|770198090|759309332|168433798|158432896|0|0|1|200417280|0|||0|0|110514583.946|62393549.181|16348308.53|6893|0|0|0|
2515|1662811223.172659|2022-09-10 14:00:23.172659+02|16384|test|33|600186506|0|1412897|3524549118|770323344|759434536|168496294|158495392|0|0|1|200417280|0|||0|0|110546601.986|62415031.375|16354625.449|6895|0|0|0|
2516|1662811224.188066|2022-09-10 14:00:24.188066+02|16384|test|33|600235787|0|1413411|3525093123|770422140|759533302|168545571|158544669|0|0|1|200417280|0|||0|0|110578618.323|62438050.57|16360014.438|6897|0|0|0|
2517|1662811225.203839|2022-09-10 14:00:25.203839+02|16384|test|33|600298956|0|1413553|3525789738|770548728|759659844|168608736|158607834|0|0|1|200417280|0|||0|0|110610634.562|62459486.162|16366354.774|6899|0|0|0|
2518|1662811226.219269|2022-09-10 14:00:26.219269+02|16384|test|33|600361861|0|1413959|3526484252|770674774|759785858|168671637|158670735|0|0|1|200417280|0|||0|0|110642649.251|62480933.432|16372695.12|6901|0|0|0|
2519|1662811227.234972|2022-09-10 14:00:27.234972+02|16384|test|33|600424988|0|1414306|3527181103|770801274|759912316|168734760|158733858|0|0|1|200417280|0|||0|0|110674666.551|62502426.581|16378989.457|6903|0|0|0|
2520|1662811228.250468|2022-09-10 14:00:28.250468+02|16384|test|33|600487625|0|1414675|3527872966|770926807|760037794|168797393|158796491|0|0|1|200417280|0|||0|0|110706682.735|62523900.217|16385316.995|6905|0|0|0|
2521|1662811229.265451|2022-09-10 14:00:29.265451+02|16384|test|33|600537198|0|1415020|3528420457|771026193|760137144|168846962|158846060|0|0|1|200417280|0|||0|0|110738698.696|62546783.201|16390814.734|6907|0|0|0|
2522|1662811230.280447|2022-09-10 14:00:30.280447+02|16384|test|33|600600156|0|1415486|3529115569|771152349|760263264|168909916|158909014|0|0|1|200417280|0|||0|0|110770714.104|62568241.412|16397145.347|6909|0|0|0|
2523|1662811231.296196|2022-09-10 14:00:31.296196+02|16384|test|33|600663177|0|1415790|3529811071|771278628|760389510|168972933|158972031|0|0|1|200417280|0|||0|0|110802730.389|62589738.122|16403437.665|6911|0|0|0|
2524|1662811232.311940|2022-09-10 14:00:32.31194+02|16384|test|33|600724645|0|1416215|3530487628|771401813|760512650|169032407|159033495|0|0|1|200417280|0|||0|0|110834048.328|62610792.535|16409583.563|6913|0|0|0|
2525|1662811233.327372|2022-09-10 14:00:33.327372+02|16384|test|33|600788863|0|1416721|3531196654|771530488|760641290|169096581|159097709|0|0|1|200417280|0|||0|0|110866686.146|62632665.019|16416034.143|6915|0|0|0|
2526|1662811234.342635|2022-09-10 14:00:34.342635+02|16384|test|33|600843875|0|1417437|3531806397|771640755|760751518|169153619|159152717|0|0|1|200417280|0|||0|0|110899832.586|62655546.051|16422205.763|6917|0|0|0|
2527|1662811235.357843|2022-09-10 14:00:35.357843+02|16384|test|33|600904938|0|1417437|3532479345|771763120|760873848|169214678|159213776|0|0|1|200417280|0|||0|0|110930848.23|62676289.205|16428366.521|6919|0|0|0|
2528|1662811236.373283|2022-09-10 14:00:36.373283+02|16384|test|33|600969601|0|1417841|3533179298|771888803|760999482|169277340|159278435|0|0|1|200417280|0|||0|0|110963865.853|62698433.042|16434891.751|6921|0|0|0|
2529|1662811237.387975|2022-09-10 14:00:37.387975+02|16384|test|33|601030310|0|1418248|3533849708|772010457|761121104|169338070|159339140|0|0|1|200417280|0|||0|0|110994881.162|62719252.982|16441006.908|6923|0|0|0|
2530|1662811238.402107|2022-09-10 14:00:38.402107+02|16384|test|33|601095165|0|1418551|3534578827|772144298|761254914|169404893|159403991|0|0|1|200417280|0|||0|0|111027898.502|62741340.671|16447569.009|6925|0|0|0|
2531|1662811239.416073|2022-09-10 14:00:39.416073+02|16384|test|33|601142133|0|1418857|3535088498|772235388|761345972|169451857|159450955|0|0|1|200417280|0|||0|0|111058916.735|62763475.267|16452946.479|6927|0|0|0|
2532|1662811240.430289|2022-09-10 14:00:40.430289+02|16384|test|33|601206438|0|1419242|3535807398|772367315|761477868|169516158|159515256|0|0|1|200417280|0|||0|0|111091934.627|62785626|16459472.119|6929|0|0|0|
2533|1662811241.445203|2022-09-10 14:00:41.445203+02|16384|test|33|601269464|0|1419747|3536503176|772493613|761604124|169579180|159578278|0|0|1|200417280|0|||0|0|111123950.827|62807050.817|16465828.492|6931|0|0|0|
2534|1662811242.460372|2022-09-10 14:00:42.460372+02|16384|test|33|601332168|0|1420271|3537225670|772620318|761729890|169641876|159640978|0|0|1|200417280|0|||0|0|111155967.893|62828521.701|16472156.234|6933|0|0|0|
2535|1662811243.475817|2022-09-10 14:00:43.475817+02|16384|test|33|601394828|0|1420536|3537924193|772747298|761855790|169704532|159703634|0|0|1|200417280|0|||0|0|111187985.624|62849960.938|16478493.183|6935|0|0|0|
2536|1662811244.492684|2022-09-10 14:00:44.492684+02|16384|test|33|601445883|0|1421126|3538488904|772849661|761958112|169755583|159754685|0|0|1|200417280|0|||0|0|111220007.275|62872768.295|16484044.373|6937|0|0|0|
2537|1662811245.507814|2022-09-10 14:00:45.507814+02|16384|test|33|601505455|0|1421331|3539145943|772969046|762077460|169815151|159814253|0|0|1|200417280|0|||0|0|111251233.706|62893918.298|16490080.801|6939|0|0|0|
2538|1662811246.523326|2022-09-10 14:00:46.523326+02|16384|test|33|601571592|0|1421573|3539875531|773101572|762209938|169881284|159880386|0|0|1|200417280|0|||0|0|111284904.606|62916499.072|16496726.282|6941|0|0|0|
2539|1662811247.539209|2022-09-10 14:00:47.539209+02|16384|test|33|601634343|0|1422015|3540563588|773227326|762335644|169939951|159943133|0|0|1|200417280|0|||0|0|111316665.054|62937802.862|16502985.751|6943|0|0|0|
2540|1662811248.555396|2022-09-10 14:00:48.555396+02|16384|test|33|601701526|0|1422459|3541309230|773361955|762470214|170011210|160010312|0|0|1|200417280|0|||0|0|111350753.249|62960677.09|16509695.055|6945|0|0|0|
2541|1662811249.581538|2022-09-10 14:00:49.581538+02|16384|test|33|601756452|0|1423083|3541914056|773472049|762580270|170064424|160065234|0|0|1|200417280|0|||0|0|111382786.245|62982645.675|16515763.682|6947|0|0|0|
2542|1662811250.596147|2022-09-10 14:00:50.596147+02|16384|test|33|601812404|0|1423129|3542511902|773580292|762688472|170120131|160119293|0|0|1|200417280|0|||0|0|111411802.254|63002256.894|16521397.795|6949|0|0|0|
2543|1662811251.611991|2022-09-10 14:00:51.611991+02|16384|test|33|601881245|0|1423533|3543255232|773714214|762822344|170184980|160188077|0|0|1|200417280|0|||0|0|111446816.665|63025759.778|16528298.67|6951|0|0|0|
2544|1662811252.627332|2022-09-10 14:00:52.627332+02|16384|test|33|601942173|0|1423757|3543953264|773840290|762948380|170251841|160250943|0|0|1|200417280|0|||0|0|111477834.408|63046555.882|16534428.734|6953|0|0|0|
2545|1662811253.642458|2022-09-10 14:00:53.642458+02|16384|test|33|602007221|0|1424504|3544667857|773974582|763082624|170316885|160312071|0|0|1|200417280|0|||0|0|111510850.626|63068661.382|16540980.936|6955|0|0|0|
2546|1662811254.657762|2022-09-10 14:00:54.657762+02|16384|test|33|602059464|0|1424707|3545258387|774079313|763187314|170367436|160368226|0|0|1|200417280|0|||0|0|111541867.144|63090329.947|16546602.23|6957|0|0|0|
2547|1662811255.673756|2022-09-10 14:00:55.673756+02|16384|test|33|602117774|0|1425173|3545890819|774192456|763300422|170425576|160426532|0|0|1|200417280|0|||0|0|111573881.38|63112289.402|16552643.817|6959|0|0|0|
2548|1662811256.689230|2022-09-10 14:00:56.68923+02|16384|test|33|602182815|0|1425537|3546621645|774326510|763434424|170492467|160491569|0|0|1|200417280|0|||0|0|111606896.226|63134440.679|16559146.366|6961|0|0|0|
2549|1662811257.704215|2022-09-10 14:00:57.704215+02|16384|test|33|602245932|0|1425882|3547308238|774452995|763560862|170553617|160552708|0|0|1|200417280|0|||0|0|111638914.169|63155910.027|16565470.941|6963|0|0|0|
2550|1662811258.719547|2022-09-10 14:00:58.719547+02|16384|test|33|602308855|0|1426272|3548005238|774579081|763686912|170618499|160615594|0|0|1|200417280|0|||0|0|111670931.663|63177352.633|16571812.205|6965|0|0|0|
2551|1662811259.734389|2022-09-10 14:00:59.734389+02|16384|test|33|602364751|0|1426816|3548630388|774691112|763798908|170674391|160673493|0|0|1|200417280|0|||0|0|111702950.96|63199543.45|16577686.178|6967|0|0|0|
2552|1662811260.750128|2022-09-10 14:01:00.750128+02|16384|test|33|602420331|0|1427298|3549226054|774798994|763906756|170729967|160727279|0|0|1|200417280|0|||0|0|111734964.463|63221794.248|16583573.286|6969|0|0|0|
2553|1662811261.765284|2022-09-10 14:01:01.765284+02|16384|test|33|602483756|0|1427400|3549921687|774925713|764033434|170791442|160790535|0|0|1|200417280|0|||0|0|111767014.446|63243222.765|16589937.289|6971|0|0|0|
2554|1662811262.780319|2022-09-10 14:01:02.780319+02|16384|test|33|602546886|0|1427886|3550609437|775052042|764159722|170854480|160851518|0|0|1|200417280|0|||0|0|111799101.547|63264737.856|16596277.963|6973|0|0|0|
2555|1662811263.796024|2022-09-10 14:01:03.796024+02|16384|test|33|602609947|0|1428309|3551280608|775170182|764277812|170917529|160914549|0|0|1|200417280|0|||0|0|111830971.555|63286009.932|16602639.744|6975|0|0|0|
2556|1662811264.811030|2022-09-10 14:01:04.81103+02|16384|test|33|602676571|0|1428613|3552071035|775315981|764423568|170986191|160985293|0|0|1|200417280|0|||0|0|111865049.041|63308553.641|16609615.06|6977|0|0|0|
2557|1662811265.826839|2022-09-10 14:01:05.826839+02|16384|test|33|602729408|0|1428999|3552654610|775421898|764529446|171039024|161038126|0|0|1|200417280|0|||0|0|111896064.919|63330401.795|16615110.872|6979|0|0|0|
2558|1662811266.842211|2022-09-10 14:01:06.842211+02|16384|test|33|602792171|0|1429527|3553347835|775547668|764655176|171101783|161100885|0|0|1|200417280|0|||0|0|111928080.737|63351968.825|16621362.174|6981|0|0|0|
2559|1662811267.857173|2022-09-10 14:01:07.857173+02|16384|test|33|602857125|0|1429771|3554064570|775677823|764785288|171166733|161165835|0|0|1|200417280|0|||0|0|111961097.777|63374065.342|16627915.445|6983|0|0|0|
2560|1662811268.871729|2022-09-10 14:01:08.871729+02|16384|test|33|602919922|0|1430179|3554758168|775803659|764911086|171229526|161228628|0|0|1|200417280|0|||0|0|111993116.068|63395553.391|16634226.029|6985|0|0|0|
2561|1662811269.886995|2022-09-10 14:01:09.886995+02|16384|test|33|602982593|0|1430683|3555408842|775921368|765028768|171290278|161287415|0|0|1|200417280|0|||0|0|112025132.746|63417091.1|16640505.195|6987|0|0|0|
2562|1662811270.901999|2022-09-10 14:01:10.901999+02|16384|test|33|603029659|0|1430927|3555969531|776023601|765130968|171339255|161338357|0|0|1|200417280|0|||0|0|112057150.417|63440254.707|16645822.121|6989|0|0|0|
2563|1662811271.917756|2022-09-10 14:01:11.917756+02|16384|test|33|603090327|0|1431571|3556631386|776145176|765252508|171399919|161397033|0|0|1|200417280|0|||0|0|112088165.718|63461098.333|16651921.463|6991|0|0|0|
2564|1662811272.933287|2022-09-10 14:01:12.933287+02|16384|test|33|603153126|0|1431855|3557332254|776271011|765378310|171462714|161461816|0|0|1|200417280|0|||0|0|112120180.375|63482616.809|16658209.952|6993|0|0|0|
2565|1662811273.948277|2022-09-10 14:01:13.948277+02|16384|test|33|603215768|0|1432179|3558023537|776396537|765503798|171525352|161524454|0|0|1|200417280|0|||0|0|112152196.012|63504138.551|16664495.297|6995|0|0|0|
2566|1662811274.963032|2022-09-10 14:01:14.963032+02|16384|test|33|603278700|0|1432587|3558718585|776522657|765629866|171588280|161587382|0|0|1|200417280|0|||0|0|112184210.463|63525673.358|16670763.773|6997|0|0|0|
2567|1662811275.978707|2022-09-10 14:01:15.978707+02|16384|test|33|603328019|0|1433165|3559247938|776618341|765725522|171637595|161635160|0|0|1|200417280|0|||0|0|112217385.064|63549707.668|16676284.786|6999|0|0|0|
2568|1662811276.994488|2022-09-10 14:01:16.994488+02|16384|test|33|603390275|0|1433166|3559911252|776742197|765849328|171695800|161693340|0|0|1|200417280|0|||0|0|112249394.929|63571280.338|16682539.437|7001|0|0|0|
2569|1662811278.009612|2022-09-10 14:01:18.009612+02|16384|test|33|603455399|0|1433691|3560638280|776872728|765979804|171762943|161759976|0|0|1|200417280|0|||0|0|112282494.194|63593542.343|16689023.234|7003|0|0|0|
2570|1662811279.025134|2022-09-10 14:01:19.025134+02|16384|test|33|603524638|0|1434117|3561421123|777011491|766118512|171834202|161833304|0|0|1|200417280|0|||0|0|112317497.633|63617058.884|16695896.18|7005|0|0|0|
2571|1662811280.040516|2022-09-10 14:01:20.040516+02|16384|test|33|603584486|0|1434643|3562082917|777131726|766238710|171894046|161893148|0|0|1|200417280|0|||0|0|112349761.089|63639343.878|16701877.643|7007|0|0|0|
2572|1662811281.055935|2022-09-10 14:01:21.055935+02|16384|test|33|603628833|0|1435065|3562583764|777224400|766331356|171938389|161937491|0|0|1|200417280|0|||0|0|112382779.523|63663863.218|16707016.099|7009|0|0|0|
2573|1662811282.071771|2022-09-10 14:01:22.071771+02|16384|test|33|603692420|0|1435209|3563276331|777351813|766458734|172001972|161998921|0|0|1|200417280|0|||0|0|112412794.439|63683138.619|16713483.674|7011|0|0|0|
2574|1662811283.087053|2022-09-10 14:01:23.087053+02|16384|test|33|603763918|0|1435753|3564071928|777495065|766601934|172071382|162072568|0|0|1|200417280|0|||0|0|112446810.568|63705088.077|16720744.392|7013|0|0|0|
2575|1662811284.102803|2022-09-10 14:01:24.102803+02|16384|test|33|603831309|0|1436015|3564817321|777630107|766736920|172140853|162139955|0|0|1|200417280|0|||0|0|112478827.114|63725705.301|16727611.055|7015|0|0|0|
2576|1662811285.118304|2022-09-10 14:01:25.118304+02|16384|test|33|603894497|0|1436525|3565504825|777756727|766863500|172201948|162201007|0|0|1|200417280|0|||0|0|112508843.29|63744992.383|16734076.049|7017|0|0|0|
2577|1662811286.133273|2022-09-10 14:01:26.133273+02|16384|test|33|603950752|0|1436949|3566136389|777869470|766976214|172260288|162259390|0|0|1|200417280|0|||0|0|112542859.508|63768561.697|16740381.08|7019|0|0|0|
2578|1662811287.148609|2022-09-10 14:01:27.148609+02|16384|test|33|604016306|0|1437213|3566857731|778000818|767107526|172323761|162324940|0|0|1|200417280|0|||0|0|112573877.319|63788499.804|16747047.26|7021|0|0|0|
2579|1662811288.163546|2022-09-10 14:01:28.163546+02|16384|test|33|604085849|0|1437639|3567627536|778140166|767246816|172395377|162394479|0|0|1|200417280|0|||0|0|112606892.041|63809753.557|16754131.502|7023|0|0|0|
2580|1662811289.179041|2022-09-10 14:01:29.179041+02|16384|test|33|604151543|0|1438063|3568352538|778271802|767378408|172461067|162460169|0|0|1|200417280|0|||0|0|112637906.211|63829712.215|16760784.423|7025|0|0|0|
2581|1662811290.194918|2022-09-10 14:01:30.194918+02|16384|test|33|604219182|0|1438448|3569099239|778407328|767513890|172528702|162527804|0|0|1|200417280|0|||0|0|112669921.982|63850239.51|16767714.061|7027|0|0|0|
2582|1662811291.210567|2022-09-10 14:01:31.210567+02|16384|test|33|604339181|0|1439399|3570423358|778647613|767754092|172648697|162647799|0|0|1|200417280|0|||0|0|112733946.269|63893195.041|16780421.797|7029|0|0|0|
2583|1662811292.225825|2022-09-10 14:01:32.225825+02|16384|test|33|604406445|0|1439721|3571165253|778782375|767888824|172715957|162715059|0|0|1|200417280|0|||0|0|112765961.573|63913841.571|16787267.755|7031|0|0|0|
2584|1662811293.241131|2022-09-10 14:01:33.241131+02|16384|test|33|604471964|0|1440367|3571867540|778909410|768015824|172781472|162778454|0|0|1|200417280|0|||0|0|112796978.737|63933771.06|16793954.949|7033|0|0|0|
2585|1662811294.256716|2022-09-10 14:01:34.256716+02|16384|test|33|604541617|0|1440713|3572655329|779053204|768159576|172849006|162850223|0|0|1|200417280|0|||0|0|112829994.833|63955023.47|16801041.195|7035|0|0|0|
2586|1662811295.272162|2022-09-10 14:01:35.272162+02|16384|test|33|604594870|0|1440877|3573245395|779159948|768266286|172904370|162903472|0|0|1|200417280|0|||0|0|112862013.719|63977218.589|16806993.096|7037|0|0|0|
2587|1662811296.287855|2022-09-10 14:01:36.287855+02|16384|test|33|604662024|0|1441344|3573986752|779294497|768400798|172971520|162970622|0|0|1|200417280|0|||0|0|112894026.777|63997854.018|16813836.398|7039|0|0|0|
2588|1662811297.303910|2022-09-10 14:01:37.30391+02|16384|test|33|604731575|0|1441790|3574754413|779433845|768540104|173041067|163040169|0|0|1|200417280|0|||0|0|112927042.995|64019049.005|16820964.644|7041|0|0|0|
2589|1662811298.319519|2022-09-10 14:01:38.319519+02|16384|test|33|604799254|0|1442254|3575501292|779569441|768675666|173108742|163107844|0|0|1|200417280|0|||0|0|112959059.528|64039673.103|16827812.294|7043|0|0|0|
2590|1662811299.335055|2022-09-10 14:01:39.335055+02|16384|test|33|604866340|0|1442700|3576241867|779703858|768810042|173175824|163174926|0|0|1|200417280|0|||0|0|112991076.54|64060297.695|16834684.935|7045|0|0|0|
2591|1662811300.350020|2022-09-10 14:01:40.35002+02|16384|test|33|604918365|0|1442902|3576815846|779808147|768914296|173227845|163226947|0|0|1|200417280|0|||0|0|113022094.741|64081738.858|16840468.334|7047|0|0|0|
2592|1662811301.365403|2022-09-10 14:01:41.365403+02|16384|test|33|604986136|0|1443510|3577564331|779943934|769050042|173295612|163294714|0|0|1|200417280|0|||0|0|113055111.53|64103173.661|16847446.028|7049|0|0|0|
2593|1662811302.380006|2022-09-10 14:01:42.380006+02|16384|test|33|605053378|0|1443874|3578339914|780080252|769184884|173362846|163361952|0|0|1|200417280|0|||0|0|113087128.748|64123722.508|16854361.883|7051|0|0|0|
2594|1662811303.395230|2022-09-10 14:01:43.39523+02|16384|test|33|605118505|0|1444262|3579061006|780211712|769315714|173425817|163427075|0|0|1|200417280|0|||0|0|113118144.672|64143605.578|16861075.504|7053|0|0|0|
2595|1662811304.409862|2022-09-10 14:01:44.409862+02|16384|test|33|605187613|0|1444770|3579826604|780350222|769454146|173497073|163496179|0|0|1|200417280|0|||0|0|113151159.995|64164824.408|16868200.972|7055|0|0|0|
2596|1662811305.424318|2022-09-10 14:01:45.424318+02|16384|test|33|605244738|0|1445197|3580457776|780464713|769568600|173554194|163553300|0|0|1|200417280|0|||0|0|113183178.536|64186473.45|16874488.282|7057|0|0|0|
2597|1662811306.439902|2022-09-10 14:01:46.439902+02|16384|test|33|605308389|0|1445481|3581148175|780588358|769692210|173617841|163616947|0|0|1|200417280|0|||0|0|113215193.212|64207425.871|16881171.817|7059|0|0|0|
2598|1662811307.454951|2022-09-10 14:01:47.454951+02|16384|test|33|605375500|0|1446245|3581900863|780726729|769830532|173684948|163684054|0|0|1|200417280|0|||0|0|113247209.766|64228075.061|16888019.211|7061|0|0|0|
2599|1662811308.470617|2022-09-10 14:01:48.470617+02|16384|test|33|605442864|0|1446307|3582630907|780857472|769961234|173752308|163751414|0|0|1|200417280|0|||0|0|113279226.735|64248569.221|16894980.236|7063|0|0|0|
2600|1662811309.486010|2022-09-10 14:01:49.48601+02|16384|test|33|605510293|0|1446853|3583388087|780996811|770100526|173819733|163818839|0|0|1|200417280|0|||0|0|113311243.107|64269100.465|16901911.68|7065|0|0|0|
2601|1662811310.501360|2022-09-10 14:01:50.50136+02|16384|test|33|605568200|0|1447357|3584027332|781112856|770216544|173877636|163876742|0|0|1|200417280|0|||0|0|113342264.178|64289766.097|16908150.021|7067|0|0|0|
2602|1662811311.515845|2022-09-10 14:01:51.515845+02|16384|test|33|605630872|0|1447719|3584718701|781238439|770342092|173940304|163939410|0|0|1|200417280|0|||0|0|113375281.325|64311785.267|16914785.173|7069|0|0|0|
2603|1662811312.531598|2022-09-10 14:01:52.531598+02|16384|test|33|605696279|0|1447963|3585440314|781369503|770473110|174005707|164004813|0|0|1|200417280|0|||0|0|113406296.811|64331664.525|16921498.669|7071|0|0|0|
2604|1662811313.546986|2022-09-10 14:01:53.546986+02|16384|test|33|605765712|0|1448547|3586206745|781508617|770612180|174075136|164074242|0|0|1|200417280|0|||0|0|113439314.93|64352913.383|16928591.551|7073|0|0|0|
2605|1662811314.562362|2022-09-10 14:01:54.562362+02|16384|test|33|605831254|0|1448831|3586927742|781639947|770743468|174138569|164139780|0|0|1|200417280|0|||0|0|113470330.949|64372765.406|16935326.848|7075|0|0|0|
2606|1662811315.577652|2022-09-10 14:01:55.577652+02|16384|test|33|605889803|0|1449280|3587567220|781757292|770860770|174197302|164196408|0|0|1|200417280|0|||0|0|113500705.339|64392745.989|16941618.039|7077|0|0|0|
2607|1662811316.591931|2022-09-10 14:01:56.591931+02|16384|test|33|605955375|0|1449585|3588293120|781888680|770992118|174264787|164262045|0|0|1|200417280|0|||0|0|113535754.084|64416177.333|16948637.467|7079|0|0|0|
2608|1662811317.607941|2022-09-10 14:01:57.607941+02|16384|test|33|606022857|0|1450033|3589045634|782023891|771127286|174332265|164331371|0|0|1|200417280|0|||0|0|113567768.705|64436684.106|16955581.467|7081|0|0|0|
2609|1662811318.622953|2022-09-10 14:01:58.622953+02|16384|test|33|606085807|0|1450462|3589728187|782145814|771249160|174395211|164394317|0|0|1|200417280|0|||0|0|113597784.677|64455939.204|16962076.107|7083|0|0|0|
2610|1662811319.637562|2022-09-10 14:01:59.637562+02|16384|test|33|606157206|0|1451008|3590529104|782293086|771396392|174466606|164465712|0|0|1|200417280|0|||0|0|113631800.129|64477803.176|16969407.635|7085|0|0|0|
2611|1662811320.652981|2022-09-10 14:02:00.652981+02|16384|test|33|606221834|0|1451612|3591217578|782414264|771517524|174531230|164530336|0|0|1|200417280|0|||0|0|113662928.062|64497911.94|16976049.156|7087|0|0|0|
2612|1662811321.668470|2022-09-10 14:02:01.66847+02|16384|test|33|606278104|0|1451612|3591862741|782535367|771638596|174587496|164586602|0|0|1|200417280|0|||0|0|113695950.053|64520596.49|16982275.811|7089|0|0|0|
2613|1662811322.683689|2022-09-10 14:02:02.683689+02|16384|test|33|606345317|0|1452018|3592604776|782670043|771773226|174654705|164653811|0|0|1|200417280|0|||0|0|113727965.998|64541158.313|16989191.449|7091|0|0|0|
2614|1662811323.699125|2022-09-10 14:02:03.699125+02|16384|test|33|606412456|0|1452582|3593345761|782804567|771907708|174721840|164720946|0|0|1|200417280|0|||0|0|113759983.247|64561777.418|16996056.297|7093|0|0|0|
2615|1662811324.714124|2022-09-10 14:02:04.714124+02|16384|test|33|606479595|0|1452868|3594086754|782939100|772042190|174788975|164788081|0|0|1|200417280|0|||0|0|113792000.532|64582296.494|17002998.989|7095|0|0|0|
2616|1662811325.729691|2022-09-10 14:02:05.729691+02|16384|test|33|606546606|0|1453565|3594826706|783073369|772176416|174855982|164855088|0|0|1|200417280|0|||0|0|113824015.34|64602896.072|17009882.007|7097|0|0|0|
2617|1662811326.744970|2022-09-10 14:02:06.74497+02|16384|test|33|606599475|0|1453907|3595410046|783179348|772282358|174908847|164907953|0|0|1|200417280|0|||0|0|113856031.985|64625460.464|17015569.584|7099|0|0|0|
2618|1662811327.760630|2022-09-10 14:02:07.76063+02|16384|test|33|606667116|0|1454111|3596156172|783314871|772417844|174976484|164975590|0|0|1|200417280|0|||0|0|113888047.962|64645956.342|17022522.988|7101|0|0|0|
2619|1662811328.775494|2022-09-10 14:02:08.775494+02|16384|test|33|606734343|0|1454579|3596898675|783449576|772552502|175043707|165042813|0|0|1|200417280|0|||0|0|113920062.89|64666553.19|17029406.346|7103|0|0|0|
2620|1662811329.790295|2022-09-10 14:02:09.790295+02|16384|test|33|606801287|0|1455327|3597638206|783583713|772686594|175110647|165109753|0|0|1|200417280|0|||0|0|113952077.79|64687179.523|17036278.099|7105|0|0|0|
2621|1662811330.804972|2022-09-10 14:02:10.804972+02|16384|test|33|606868613|0|1455549|3598380694|783718619|772821450|175177969|165177075|0|0|1|200417280|0|||0|0|113984093.953|64707720.895|17043208.763|7107|0|0|0|
2622|1662811331.820247|2022-09-10 14:02:11.820247+02|16384|test|33|606920347|0|1455811|3598944820|783822326|772925122|175229699|165227137|0|0|1|200417280|0|||0|0|114015109.271|64729212.748|17048958.198|7109|0|0|0|
2623|1662811332.835494|2022-09-10 14:02:12.835494+02|16384|test|33|606989350|0|1456116|3599712823|783960573|773063332|175298698|165297804|0|0|1|200417280|0|||0|0|114048123.384|64750468.274|17056048.743|7111|0|0|0|
2624|1662811333.850374|2022-09-10 14:02:13.850374+02|16384|test|33|607056731|0|1456564|3600456829|784095585|773198298|175366075|165365181|0|0|1|200417280|0|||0|0|114080141.001|64770995.821|17062989.507|7113|0|0|0|
2625|1662811334.866340|2022-09-10 14:02:14.86634+02|16384|test|33|607124014|0|1456990|3601199530|784230392|773333068|175433354|165432460|0|0|1|200417280|0|||0|0|114112158.375|64791575.823|17069881.641|7115|0|0|0|
2626|1662811335.881487|2022-09-10 14:02:15.881487+02|16384|test|33|607191189|0|1457435|3601941127|784364981|773467622|175500525|165499631|0|0|1|200417280|0|||0|0|114144177.31|64812116.553|17076812.747|7117|0|0|0|
2627|1662811336.895986|2022-09-10 14:02:16.895986+02|16384|test|33|607243952|0|1457899|3602523632|784470741|773573352|175553284|165552390|0|0|1|200417280|0|||0|0|114176192.654|64834354.775|17082737.261|7119|0|0|0|
2628|1662811337.910668|2022-09-10 14:02:17.910668+02|16384|test|33|607311537|0|1458305|3603269727|784606156|773708726|175620865|165619971|0|0|1|200417280|0|||0|0|114208208.382|64854944.762|17089617.993|7121|0|0|0|
2629|1662811338.926099|2022-09-10 14:02:18.926099+02|16384|test|33|607379092|0|1458709|3604015176|784741510|773844040|175688416|165687522|0|0|1|200417280|0|||0|0|114240226.042|64875497.242|17096529.478|7123|0|0|0|
2630|1662811339.941776|2022-09-10 14:02:19.941776+02|16384|test|33|607446352|0|1459055|3604757530|784876272|773978764|175755672|165754778|0|0|1|200417280|0|||0|0|114272242.095|64896035.69|17103460.28|7125|0|0|0|
2631|1662811340.956272|2022-09-10 14:02:20.956272+02|16384|test|33|607513660|0|1459521|3605500597|785011135|774113584|175822976|165822082|0|0|1|200417280|0|||0|0|114304257.796|64916574.581|17110392.356|7127|0|0|0|
2632|1662811341.971473|2022-09-10 14:02:21.971473+02|16384|test|33|607566806|0|1460007|3606080822|785117659|774220080|175876118|165873529|0|0|1|200417280|0|||0|0|114336275.375|64938756.189|17116359.832|7129|0|0|0|
2633|1662811342.987015|2022-09-10 14:02:22.987015+02|16384|test|33|607634288|0|1460230|3606831801|785252867|774355248|175943596|165942702|0|0|1|200417280|0|||0|0|114368292.223|64959305.449|17123262.982|7131|0|0|0|
2634|1662811344.002696|2022-09-10 14:02:24.002696+02|16384|test|33|607701698|0|1460714|3607575675|785387929|774490272|176011002|166010108|0|0|1|200417280|0|||0|0|114400306.842|64979830.549|17130203.124|7133|0|0|0|
2635|1662811345.018273|2022-09-10 14:02:25.018273+02|16384|test|33|607768942|0|1461078|3608317665|785522655|774624964|176078242|166077348|0|0|1|200417280|0|||0|0|114432323.586|65000383.925|17137121.778|7135|0|0|0|
2636|1662811346.033378|2022-09-10 14:02:26.033378+02|16384|test|33|607835878|0|1461845|3609057224|785656764|774759040|176145174|166144280|0|0|1|200417280|0|||0|0|114464340.26|65021001.655|17143996.366|7137|0|0|0|
2637|1662811347.048267|2022-09-10 14:02:27.048267+02|16384|test|33|607890944|0|1462087|3609654530|785763756|774866002|176200236|166199342|0|0|1|200417280|0|||0|0|114496361.087|65042925.919|17150094.757|7139|0|0|0|
2638|1662811348.063579|2022-09-10 14:02:28.063579+02|16384|test|33|607955228|0|1462429|3610373729|785895926|774998148|176264516|166263622|0|0|1|200417280|0|||0|0|114528378.626|65063948.063|17156707.458|7141|0|0|0|
2639|1662811349.079171|2022-09-10 14:02:29.079171+02|16384|test|33|608022536|0|1462711|3611116070|786030780|775132968|176331820|166330926|0|0|1|200417280|0|||0|0|114560393.578|65084513.191|17163609.929|7143|0|0|0|
2640|1662811350.094900|2022-09-10 14:02:30.0949+02|16384|test|33|608089560|0|1463395|3611855979|786165074|775267220|176398840|166397946|0|0|1|200417280|0|||0|0|114592413.036|65105107.675|17170512.918|7145|0|0|0|
2641|1662811351.109915|2022-09-10 14:02:31.109915+02|16384|test|33|608156935|0|1463597|3612598948|786300061|775402174|176466211|166465317|0|0|1|200417280|0|||0|0|114624427.129|65125637.631|17177443.868|7147|0|0|0|
2642|1662811352.125006|2022-09-10 14:02:32.125006+02|16384|test|33|608214349|0|1463981|3613232686|786415132|775517206|176523621|166522727|0|0|1|200417280|0|||0|0|114656448.301|65147357.517|17183677.201|7149|0|0|0|
2643|1662811353.140259|2022-09-10 14:02:33.140259+02|16384|test|33|608276210|0|1464405|3613915437|786539086|775641132|176585478|166584584|0|0|1|200417280|0|||0|0|114688463.829|65168676.565|17190102.734|7151|0|0|0|
2644|1662811354.154967|2022-09-10 14:02:34.154967+02|16384|test|33|608343743|0|1464869|3614660699|786674395|775776402|176653007|166652113|0|0|1|200417280|0|||0|0|114720479.995|65189223.483|17197022.821|7153|0|0|0|
2645|1662811355.170375|2022-09-10 14:02:35.170375+02|16384|test|33|608411209|0|1465272|3615404932|786809564|775911538|176720469|166719575|0|0|1|200417280|0|||0|0|114752495.952|65209773.974|17203941.499|7155|0|0|0|
2646|1662811356.184922|2022-09-10 14:02:36.184922+02|16384|test|33|608478519|0|1465676|3616147720|786944428|776046362|176787775|166786881|0|0|1|200417280|0|||0|0|114784513.408|65230336.006|17210853.781|7157|0|0|0|
2647|1662811357.199768|2022-09-10 14:02:37.199768+02|16384|test|33|608539435|0|1466061|3616820034|787066504|776168398|176848687|166847793|0|0|1|200417280|0|||0|0|114816538.443|65251625.081|17217321.348|7159|0|0|0|
2648|1662811358.215237|2022-09-10 14:02:38.215237+02|16384|test|33|608599825|0|1466471|3617487312|787187510|776289382|176909073|166908179|0|0|1|200417280|0|||0|0|114848553.533|65273082.079|17223673.575|7161|0|0|0|
2649|1662811359.230565|2022-09-10 14:02:39.230565+02|16384|test|33|608667378|0|1466815|3618232610|787322854|776424692|176976622|166975728|0|0|1|200417280|0|||0|0|114880568.998|65293588.187|17230619.652|7163|0|0|0|
2650|1662811360.246059|2022-09-10 14:02:40.246059+02|16384|test|33|608800026|0|1467689|3619696702|787588429|776690192|177109266|167108372|0|0|1|200417280|0|||0|0|114943590.781|65334099.899|17244190.279|7165|0|0|0|
2651|1662811361.261377|2022-09-10 14:02:41.261377+02|16384|test|33|608864626|0|1468157|3620410081|787717861|776819596|177173862|167172968|0|0|1|200417280|0|||0|0|114976125.035|65355345.036|17250975.333|7167|0|0|0|
2652|1662811362.275786|2022-09-10 14:02:42.275786+02|16384|test|34|608921509|0|1468542|3621041625|787832459|776933566|177230741|167229847|0|0|1|200417280|0|||0|0|115007139.47|65376251.095|17257070.712|7169|0|0|0|
2653|1662811363.291036|2022-09-10 14:02:43.291036+02|16384|test|33|608986606|0|1468976|3621793371|787964637|777064472|177295830|167294940|0|0|1|200417280|0|||0|0|115038156.243|65396198.02|17263739.715|7171|0|0|0|
2654|1662811364.305939|2022-09-10 14:02:44.305939+02|16384|test|33|609055655|0|1469584|3622553798|788103049|777202804|177362753|167363985|0|0|1|200417280|0|||0|0|115071171.337|65417432.066|17270843.881|7173|0|0|0|
2655|1662811365.321522|2022-09-10 14:02:45.321522+02|16384|test|33|609125209|0|1469826|3623323347|788242406|777342116|177434425|167433535|0|0|1|200417280|0|||0|0|115104188.176|65438556.381|17278027.19|7175|0|0|0|
2656|1662811366.337418|2022-09-10 14:02:46.337418+02|16384|test|33|609194553|0|1470190|3624088639|788381361|777481008|177503765|167502875|0|0|1|200417280|0|||0|0|115137204.973|65459710.287|17285201.03|7177|0|0|0|
2657|1662811367.353289|2022-09-10 14:02:47.353289+02|16384|test|33|609248221|0|1470552|3624680775|788488938|777588548|177557429|167556539|0|0|1|200417280|0|||0|0|115168219.911|65480953.587|17291092.418|7179|0|0|0|
2658|1662811368.368450|2022-09-10 14:02:48.36845+02|16384|test|33|609317322|0|1471139|3625443732|788627380|777726954|177626526|167625636|0|0|1|200417280|0|||0|0|115201233.398|65502192.344|17298196.573|7181|0|0|0|
2659|1662811369.383713|2022-09-10 14:02:49.383713+02|16384|test|33|609384706|0|1471585|3626187627|788762394|777861926|177693906|167693016|0|0|1|200417280|0|||0|0|115233248.231|65522721.599|17305130.96|7183|0|0|0|
2660|1662811370.398964|2022-09-10 14:02:50.398964+02|16384|test|33|609452053|0|1471851|3626930660|788897333|777996824|177761249|167760359|0|0|1|200417280|0|||0|0|115265265.554|65543211.542|17312096.042|7185|0|0|0|
2661|1662811371.414531|2022-09-10 14:02:51.414531+02|16384|test|33|609519546|0|1472277|3627675634|789032563|778132014|177828738|167827848|0|0|1|200417280|0|||0|0|115297282.452|65563696.435|17319063.074|7187|0|0|0|
2662|1662811372.429716|2022-09-10 14:02:52.429716+02|16384|test|33|609573352|0|1472884|3628270113|789140409|778239830|177882540|167881650|0|0|1|200417280|0|||0|0|115329300.524|65585871.769|17324995.505|7189|0|0|0|
2663|1662811373.444710|2022-09-10 14:02:53.44471+02|16384|test|33|609640790|0|1473066|3629005425|789275522|778374910|177949974|167946999|0|0|1|200417280|0|||0|0|115361315.677|65606395.886|17331924.652|7191|0|0|0|
2664|1662811374.460475|2022-09-10 14:02:54.460475+02|16384|test|33|609708096|0|1473493|3629754768|789410375|778509726|178015195|168016386|0|0|1|200417280|0|||0|0|115393331.744|65626921.559|17338865.664|7193|0|0|0|
2665|1662811375.476582|2022-09-10 14:02:55.476582+02|16384|test|33|609775513|0|1474039|3630501245|789545448|778644764|178084689|168083799|0|0|1|200417280|0|||0|0|115425348.731|65647412.882|17345831.225|7195|0|0|0|
2666|1662811376.491497|2022-09-10 14:02:56.491497+02|16384|test|33|609842854|0|1474545|3631244724|789680377|778779650|178152026|168151136|0|0|1|200417280|0|||0|0|115457365.633|65667897.798|17352805.817|7197|0|0|0|
2667|1662811377.507056|2022-09-10 14:02:57.507056+02|16384|test|33|609896718|0|1474667|3631838812|789788336|778887582|178205886|168204996|0|0|1|200417280|0|||0|0|115489382.259|65689905.307|17358862.26|7199|0|0|0|
2668|1662811378.522320|2022-09-10 14:02:58.52232+02|16384|test|33|609964034|0|1475153|3632581930|789923210|779022418|178273198|168272308|0|0|1|200417280|0|||0|0|115521398.709|65710437.916|17365796.926|7201|0|0|0|
2669|1662811379.537927|2022-09-10 14:02:59.537927+02|16384|test|33|610031211|0|1475517|3633323252|790057807|779156976|178340371|168339481|0|0|1|200417280|0|||0|0|115553413.749|65730922.758|17372775.816|7203|0|0|0|
2670|1662811380.553148|2022-09-10 14:03:00.553148+02|16384|test|33|610098100|0|1475981|3634048669|790187600|779286744|178407256|168406366|0|0|1|200417280|0|||0|0|115585428.368|65751516.372|17379669.563|7205|0|0|0|
2671|1662811381.568013|2022-09-10 14:03:01.568013+02|16384|test|33|610165147|0|1476529|3634801669|790326149|779425256|178474299|168473409|0|0|1|200417280|0|||0|0|115617443.554|65772041.592|17386614.478|7207|0|0|0|
2672|1662811382.583609|2022-09-10 14:03:02.583609+02|16384|test|33|610218694|0|1476873|3635392714|790433465|779532554|178527842|168526952|0|0|1|200417280|0|||0|0|115649458.139|65794121.031|17392634.407|7209|0|0|0|
2673|1662811383.599164|2022-09-10 14:03:03.599164+02|16384|test|33|610285945|0|1477175|3636134422|790568212|779667260|178595089|168594199|0|0|1|200417280|0|||0|0|115681476.646|65814655.237|17399564.434|7211|0|0|0|
2674|1662811384.614193|2022-09-10 14:03:04.614193+02|16384|test|33|610353053|0|1477682|3636875531|790702662|779801680|178662193|168661303|0|0|1|200417280|0|||0|0|115713493.662|65835212.599|17406486.047|7213|0|0|0|
2675|1662811385.629312|2022-09-10 14:03:05.629312+02|16384|test|33|610420141|0|1478046|3637615790|790837078|779936060|178729277|168728387|0|0|1|200417280|0|||0|0|115745511.1|65855685.912|17413482.225|7215|0|0|0|
2676|1662811386.644757|2022-09-10 14:03:06.644757+02|16384|test|33|610486924|0|1478592|3638353103|790970887|780069830|178796056|168795166|0|0|1|200417280|0|||0|0|115777526.033|65876282.107|17420372.469|7217|0|0|0|
2677|1662811387.660710|2022-09-10 14:03:07.66071+02|16384|test|33|610540322|0|1478777|3638942472|791077924|780176830|178849450|168848560|0|0|1|200417280|0|||0|0|115809547.026|65898231.417|17426501.571|7219|0|0|0|
2678|1662811388.675950|2022-09-10 14:03:08.67595+02|16384|test|33|610605263|0|1479024|3639659410|791208054|780306916|178914387|168913497|0|0|1|200417280|0|||0|0|115840562.072|65918152.707|17433188.899|7221|0|0|0|
2679|1662811389.691717|2022-09-10 14:03:09.691717+02|16384|test|33|610674558|0|1479672|3640424527|791346892|780445710|178983678|168982788|0|0|1|200417280|0|||0|0|115873576.425|65939332.116|17440335.245|7223|0|0|0|
2680|1662811390.707212|2022-09-10 14:03:10.707212+02|16384|test|33|610741422|0|1480428|3641162728|791480859|780579642|179050538|169049648|0|0|1|200417280|0|||0|0|115905592.877|65959929.393|17447230.913|7225|0|0|0|
2681|1662811391.722420|2022-09-10 14:03:11.72242+02|16384|test|33|610808352|0|1480550|3641900727|791614959|780713706|179117464|169116574|0|0|1|200417280|0|||0|0|115937610.996|65980472.593|17454173.355|7227|0|0|0|
2682|1662811392.737660|2022-09-10 14:03:12.73766+02|16384|test|33|610864697|0|1480934|3642512118|791724362|780823088|179173805|169172915|0|0|1|200417280|0|||0|0|115969632.329|66002125.947|17460420.7|7229|0|0|0|
2683|1662811393.753133|2022-09-10 14:03:13.753133+02|16384|test|33|610928495|0|1481378|3643226734|791855694|780954400|179237599|169236709|0|0|1|200417280|0|||0|0|116001647.87|66023070.439|17467102.734|7231|0|0|0|
2684|1662811394.769005|2022-09-10 14:03:14.769005+02|16384|test|33|610995588|0|1481763|3643967120|791990119|781088790|179304688|169303798|0|0|1|200417280|0|||0|0|116033665.873|66043572.24|17474066.872|7233|0|0|0|
2685|1662811395.784640|2022-09-10 14:03:15.78464+02|16384|test|33|611060720|0|1482209|3644686095|792120618|781219258|179369816|169368926|0|0|1|200417280|0|||0|0|116064681.462|66063490.75|17480763.738|7235|0|0|0|
2686|1662811396.799636|2022-09-10 14:03:16.799636+02|16384|test|33|611129946|0|1482633|3645450045|792259314|781357914|179439038|169438148|0|0|1|200417280|0|||0|0|116097696.868|66084633.506|17487943.168|7237|0|0|0|
2687|1662811397.815305|2022-09-10 14:03:17.815305+02|16384|test|33|611186786|0|1483016|3646075574|792373231|781471798|179494049|169494984|0|0|1|200417280|0|||0|0|116128717.18|66105347.014|17494171.853|7239|0|0|0|
2688|1662811398.831003|2022-09-10 14:03:18.831003+02|16384|test|33|611250424|0|1483341|3646779678|792500742|781599278|179559508|169558618|0|0|1|200417280|0|||0|0|116161734.147|66127192.176|17500925.048|7241|0|0|0|
2689|1662811399.846099|2022-09-10 14:03:19.846099+02|16384|test|33|611317710|0|1483809|3647522752|792635546|781734054|179626790|169625900|0|0|1|200417280|0|||0|0|116193751.082|66147718.876|17507866.308|7243|0|0|0|
2690|1662811400.861847|2022-09-10 14:03:20.861847+02|16384|test|33|611384820|0|1484312|3648240468|792765898|781864374|179691795|169690954|0|0|1|200417280|0|||0|0|116225768.225|66168295.201|17514760.009|7245|0|0|0|
2691|1662811401.876856|2022-09-10 14:03:21.876856+02|16384|test|33|611451757|0|1484776|3649001785|792904111|782002556|179760829|169759939|0|0|1|200417280|0|||0|0|116257782.865|66188886.076|17521653.954|7247|0|0|0|
2692|1662811402.892078|2022-09-10 14:03:22.892078+02|16384|test|33|611513078|0|1484978|3649678073|793026987|782125402|179822146|169821256|0|0|1|200417280|0|||0|0|116289803.906|66209937.655|17528307.818|7249|0|0|0|
2693|1662811403.907307|2022-09-10 14:03:23.907307+02|16384|test|33|611572075|0|1485703|3650329599|793145225|782243600|179881139|169880249|0|0|1|200417280|0|||0|0|116321819.889|66231498.7|17534611.101|7251|0|0|0|
2694|1662811404.923053|2022-09-10 14:03:24.923053+02|16384|test|33|611639589|0|1485925|3651074381|793280488|782378832|179948649|169947759|0|0|1|200417280|0|||0|0|116353839.135|66251988.722|17541584.875|7253|0|0|0|
2695|1662811405.939026|2022-09-10 14:03:25.939026+02|16384|test|33|611707065|0|1486291|3651819099|793415669|782513988|180016121|170015231|0|0|1|200417280|0|||0|0|116385857.374|66272481.105|17548550.259|7255|0|0|0|
2696|1662811406.955041|2022-09-10 14:03:26.955041+02|16384|test|33|611772545|0|1486679|3652542082|793546874|782645152|180081597|170080707|0|0|1|200417280|0|||0|0|116416873.625|66292343.017|17555281.653|7257|0|0|0|
2697|1662811407.970572|2022-09-10 14:03:27.970572+02|16384|test|33|611841794|0|1487086|3653306455|793685609|782783854|180150842|170149952|0|0|1|200417280|0|||0|0|116449920.221|66313489.665|17562485.951|7259|0|0|0|
2698|1662811408.986180|2022-09-10 14:03:28.98618+02|16384|test|33|611891211|0|1487468|3653850140|793784670|782882892|180198628|170199365|0|0|1|200417280|0|||0|0|116479937.308|66334423.465|17567971.137|7261|0|0|0|
2699|1662811410.001174|2022-09-10 14:03:30.001174+02|16384|test|33|611961937|0|1487852|3654632181|793926356|783024548|180270977|170270087|0|0|1|200417280|0|||0|0|116513953.893|66356390.512|17575247.913|7263|0|0|0|
2700|1662811411.016829|2022-09-10 14:03:31.016829+02|16384|test|33|612029380|0|1488322|3655376997|794061474|783159638|180338416|170337526|0|0|1|200417280|0|||0|0|116545972.006|66376945.595|17582159.444|7265|0|0|0|
2701|1662811412.032376|2022-09-10 14:03:32.032376+02|16384|test|33|612096779|0|1488830|3656121397|794196508|783294640|180405811|170404921|0|0|1|200417280|0|||0|0|116577988.243|66397538.612|17589044.982|7267|0|0|0|
2702|1662811413.047375|2022-09-10 14:03:33.047375+02|16384|test|33|612163966|0|1489296|3656863060|794331115|783429218|180472994|170472104|0|0|1|200417280|0|||0|0|116610002.649|66418094.785|17595967.107|7269|0|0|0|
2703|1662811414.062350|2022-09-10 14:03:34.06235+02|16384|test|33|612217845|0|1489498|3657457376|794439103|783537180|180526869|170525979|0|0|1|200417280|0|||0|0|116642019.525|66440087.408|17602019.917|7271|0|0|0|
2704|1662811415.077746|2022-09-10 14:03:35.077746+02|16384|test|33|612285066|0|1489983|3658199468|794573776|783671826|180594086|170593196|0|0|1|200417280|0|||0|0|116674035.011|66460661.494|17608925.97|7273|0|0|0|
2705|1662811416.093410|2022-09-10 14:03:36.09341+02|16384|test|33|612352452|0|1490529|3658928393|794704497|783802510|180659340|170660578|0|0|1|200417280|0|||0|0|116706050.203|66481171.789|17615876.598|7275|0|0|0|
2706|1662811417.108180|2022-09-10 14:03:37.10818+02|16384|test|33|612417631|0|1490572|3659662303|794839387|783937364|180726643|170725753|0|0|1|200417280|0|||0|0|116737066.211|66501052.319|17622600.763|7277|0|0|0|
2707|1662811418.123470|2022-09-10 14:03:38.12347+02|16384|test|33|612486857|0|1491219|3660426663|794978078|784076020|180795865|170794975|0|0|1|200417280|0|||0|0|116770081.871|66522291.03|17629703.573|7279|0|0|0|
2708|1662811419.137377|2022-09-10 14:03:39.137377+02|16384|test|33|612540789|0|1491823|3661022240|795086164|784184088|180849793|170848903|0|0|1|200417280|0|||0|0|116802097.105|66544462.096|17635653.473|7281|0|0|0|
2709|1662811420.153199|2022-09-10 14:03:40.153199+02|16384|test|33|612608402|0|1492005|3661767850|795221635|784319518|180917402|170916512|0|0|1|200417280|0|||0|0|116834115.986|66564965.787|17642602.843|7283|0|0|0|
2710|1662811421.168421|2022-09-10 14:03:41.168421+02|16384|test|33|612675738|0|1492369|3662510889|795356543|784454394|180984734|170983844|0|0|1|200417280|0|||0|0|116866132.709|66585514.233|17649521.754|7285|0|0|0|
2711|1662811422.182542|2022-09-10 14:03:42.182542+02|16384|test|34|612742858|0|1492877|3663252035|795491019|784588838|181051850|171050960|0|0|1|200417280|0|||0|0|116898147.661|66606094.215|17656424.249|7287|0|0|0|
2712|1662811423.198039|2022-09-10 14:03:43.198039+02|16384|test|33|612809792|0|1493261|3664024719|795626798|784723064|181118776|171117890|0|0|1|200417280|0|||0|0|116930165.653|66626642.35|17663348.329|7289|0|0|0|
2713|1662811424.213759|2022-09-10 14:03:44.213759+02|16384|test|33|612863162|0|1493870|3664617475|795734516|784830392|181172142|171171256|0|0|1|200417280|0|||0|0|116962183.065|66648730.333|17669329.927|7291|0|0|0|
2714|1662811425.228810|2022-09-10 14:03:45.22881+02|16384|test|33|612930628|0|1494032|3665361731|795869702|784965528|181239604|171238718|0|0|1|200417280|0|||0|0|116994196.582|66669290.686|17676231.151|7293|0|0|0|
2715|1662811426.244858|2022-09-10 14:03:46.244858+02|16384|test|33|612998057|0|1494458|3666106050|796004798|785100590|181307029|171306143|0|0|1|200417280|0|||0|0|117026214.036|66689812.404|17683177.82|7295|0|0|0|
2716|1662811427.260355|2022-09-10 14:03:47.260355+02|16384|test|33|613065180|0|1495067|3666847494|796139302|785235040|181374148|171373262|0|0|1|200417280|0|||0|0|117058229.983|66710334.017|17690132.179|7297|0|0|0|
2717|1662811428.275764|2022-09-10 14:03:48.275764+02|16384|test|33|613184759|0|1495657|3668166580|796378732|785474402|181493723|171492837|0|0|1|200417280|0|||0|0|117121256.031|66752125.522|17702991.037|7299|0|0|0|
2718|1662811429.291930|2022-09-10 14:03:49.29193+02|16384|test|33|613251396|0|1496099|3668901716|796512251|785607880|181560356|171559470|0|0|1|200417280|0|||0|0|117153272.339|66772766.46|17709853.595|7301|0|0|0|
2719|1662811430.307474|2022-09-10 14:03:50.307474+02|16384|test|33|613318671|0|1496525|3669642210|796647046|785742634|181625506|171626741|0|0|1|200417280|0|||0|0|117185290.058|66793301.184|17716788.095|7303|0|0|0|
2720|1662811431.323184|2022-09-10 14:03:51.323184+02|16384|test|33|613383494|0|1496947|3670359539|796776939|785872484|181692446|171691560|0|0|1|200417280|0|||0|0|117216306.212|66813171.738|17723537.173|7305|0|0|0|
2721|1662811432.339206|2022-09-10 14:03:52.339206+02|16384|test|33|613452537|0|1497496|3671121682|796915271|786010774|181761485|171760599|0|0|1|200417280|0|||0|0|117249322.631|66834371.979|17730677.118|7307|0|0|0|
2722|1662811433.354289|2022-09-10 14:03:53.354289+02|16384|test|33|613505742|0|1497798|3671706998|797021915|786117388|181812991|171813800|0|0|1|200417280|0|||0|0|117280338.315|66855442.411|17736740.726|7309|0|0|0|
2723|1662811434.369560|2022-09-10 14:03:54.36956+02|16384|test|33|613573987|0|1498383|3672462256|797158649|786254082|181882927|171882041|0|0|1|200417280|0|||0|0|117313355.23|66876729.097|17743825.21|7311|0|0|0|
2724|1662811435.385152|2022-09-10 14:03:55.385152+02|16384|test|33|613643341|0|1498567|3673227269|797297593|786392994|181952277|171951391|0|0|1|200417280|0|||0|0|117346373.808|66897885.997|17750988.459|7313|0|0|0|
2725|1662811436.400309|2022-09-10 14:03:56.400309+02|16384|test|33|613704178|0|1499113|3673882168|797415345|786510714|182008873|172012224|0|0|1|200417280|0|||0|0|117375390.259|66916529.168|17757250.378|7315|0|0|0|
2726|1662811437.415875|2022-09-10 14:03:57.415875+02|16384|test|33|613777658|0|1499606|3674710809|797566701|786662036|182086586|172085700|0|0|1|200417280|0|||0|0|117410408.279|66938932.24|17764882.261|7317|0|0|0|
2727|1662811438.431281|2022-09-10 14:03:58.431281+02|16384|test|33|613835806|0|1499830|3675352348|797683228|786778536|182144730|172143844|0|0|1|200417280|0|||0|0|117442428.915|66960478.948|17771199.522|7319|0|0|0|
2728|1662811439.446775|2022-09-10 14:03:59.446775+02|16384|test|33|613897573|0|1500274|3676020078|797803003|786898288|182204500|172205607|0|0|1|200417280|0|||0|0|117473444.525|66980834.985|17777620.929|7321|0|0|0|
2729|1662811440.461709|2022-09-10 14:04:00.461709+02|16384|test|33|613967055|0|1500661|3676801026|797946202|787041442|182275971|172275085|0|0|1|200417280|0|||0|0|117506460.952|67002034.647|17784746.998|7323|0|0|0|
2730|1662811441.477473|2022-09-10 14:04:01.477473+02|16384|test|33|614034250|0|1501247|3677542967|798080832|787176036|182343162|172342276|0|0|1|200417280|0|||0|0|117538475.37|67022600.89|17791657.747|7325|0|0|0|
2731|1662811442.493111|2022-09-10 14:04:02.493111+02|16384|test|33|614099423|0|1501468|3678259708|798211423|787306586|182406236|172407445|0|0|1|200417280|0|||0|0|117569490.047|67042532.77|17798338.333|7327|0|0|0|
2732|1662811443.508591|2022-09-10 14:04:03.508591+02|16384|test|33|614162266|0|1501933|3678955323|798337351|787432476|182471170|172470284|0|0|1|200417280|0|||0|0|117602511.495|67064315.301|17805142.094|7329|0|0|0|
2733|1662811444.524014|2022-09-10 14:04:04.524014+02|16384|test|33|614223041|0|1502510|3679626425|798459131|787554230|182531941|172531055|0|0|1|200417280|0|||0|0|117634526.7|67085668.287|17811570.212|7331|0|0|0|
2734|1662811445.539232|2022-09-10 14:04:05.539232+02|16384|test|33|614290464|0|1502872|3680370131|798594214|787689280|182599360|172598474|0|0|1|200417280|0|||0|0|117666542.436|67106253.489|17818462.189|7333|0|0|0|
2735|1662811446.554771|2022-09-10 14:04:06.554771+02|16384|test|33|614357884|0|1503237|3681114075|798729294|787824324|182666776|172665890|0|0|1|200417280|0|||0|0|117698559.003|67126764.856|17825419.366|7335|0|0|0|
2736|1662811447.570012|2022-09-10 14:04:07.570012+02|16384|test|33|614425178|0|1503639|3681856355|798864115|787959116|182734066|172733180|0|0|1|200417280|0|||0|0|117730574.346|67147358.524|17832304.848|7337|0|0|0|
2737|1662811448.586456|2022-09-10 14:04:08.586456+02|16384|test|33|614490117|0|1504045|3682573272|798994237|788089198|182799001|172798115|0|0|1|200417280|0|||0|0|117763818.82|67169083.435|17839272.097|7339|0|0|0|
2738|1662811449.601640|2022-09-10 14:04:09.60164+02|16384|test|33|614548174|0|1504527|3683183964|799103119|788198054|182857054|172854289|0|0|1|200417280|0|||0|0|117794831.228|67189828.594|17845471.387|7341|0|0|0|
2739|1662811450.616597|2022-09-10 14:04:10.616597+02|16384|test|33|614615256|0|1504855|3683952008|799244978|788339884|182922024|172923246|0|0|1|200417280|0|||0|0|117826849.057|67210403.077|17852389.776|7343|0|0|0|
2740|1662811451.632441|2022-09-10 14:04:11.632441+02|16384|test|33|614678385|0|1505199|3684650725|799371462|788466346|182987257|172986371|0|0|1|200417280|0|||0|0|117856864.045|67229680.484|17858860.922|7345|0|0|0|
2741|1662811452.647601|2022-09-10 14:04:12.647601+02|16384|test|33|614752038|0|1505647|3685455583|799519003|788613856|183060906|173057950|0|0|1|200417280|0|||0|0|117891879.834|67252133.569|17866434.712|7347|0|0|0|
2742|1662811453.662274|2022-09-10 14:04:13.662274+02|16384|test|33|614817297|0|1506058|3686184977|799649763|788744578|183126161|173125275|0|0|1|200417280|0|||0|0|117922895.504|67272023.773|17873143.76|7349|0|0|0|
2743|1662811454.676456|2022-09-10 14:04:14.676456+02|16384|test|33|614874305|0|1506387|3686802899|799760609|788855394|183181445|173182279|0|0|1|200417280|0|||0|0|117955911.382|67294490.455|17879537.462|7351|0|0|0|
2744|1662811455.691936|2022-09-10 14:04:15.691936+02|16384|test|33|614941468|0|1506890|3687555838|799898572|788993328|183250324|173249438|0|0|1|200417280|0|||0|0|117987928.031|67315061.362|17886442.834|7353|0|0|0|
2745|1662811456.707229|2022-09-10 14:04:16.707229+02|16384|test|33|615008792|0|1507354|3688298786|800033450|789128180|183317644|173316758|0|0|1|200417280|0|||0|0|118019945.283|67335615.581|17893358.05|7355|0|0|0|
2746|1662811457.722160|2022-09-10 14:04:17.72216+02|16384|test|33|615075818|0|1507738|3689038347|800167726|789262436|183384666|173383780|0|0|1|200417280|0|||0|0|118051961.655|67356174.68|17900275.948|7357|0|0|0|
2747|1662811458.737593|2022-09-10 14:04:18.737593+02|16384|test|33|615143131|0|1508182|3689768488|800298361|789393042|183451975|173451089|0|0|1|200417280|0|||0|0|118083976.7|67376755.469|17907169.285|7359|0|0|0|
2748|1662811459.753169|2022-09-10 14:04:19.753169+02|16384|test|33|615197932|0|1508504|3690385770|800412415|789507072|183506772|173505886|0|0|1|200417280|0|||0|0|118115993.819|67398624.371|17913293.51|7361|0|0|0|
2749|1662811460.768882|2022-09-10 14:04:20.768882+02|16384|test|33|615264993|0|1508908|3691125729|800546766|789641398|183573829|173572943|0|0|1|200417280|0|||0|0|118148012.498|67419237.332|17920167.066|7363|0|0|0|
2750|1662811461.784110|2022-09-10 14:04:21.78411+02|16384|test|33|615332175|0|1509432|3691867211|800681366|789775966|183641007|173640121|0|0|1|200417280|0|||0|0|118180029.224|67439848.545|17927038.191|7365|0|0|0|
2751|1662811462.799347|2022-09-10 14:04:22.799347+02|16384|test|33|615399502|0|1509776|3692610083|800816257|789910824|183708330|173707444|0|0|1|200417280|0|||0|0|118212041.97|67460354.986|17933987.192|7367|0|0|0|
2752|1662811463.814813|2022-09-10 14:04:23.814813+02|16384|test|33|615466593|0|1510345|3693338647|800946445|790040982|183775417|173774531|0|0|1|200417280|0|||0|0|118244061.034|67480911.198|17940914.305|7369|0|0|0|
2753|1662811464.830637|2022-09-10 14:04:24.830637+02|16384|test|33|615525899|0|1510727|3693998328|801069516|790164026|183834719|173832006|0|0|1|200417280|0|||0|0|118276078.051|67502200.731|17947383.981|7371|0|0|0|
2754|1662811465.845901|2022-09-10 14:04:25.845901+02|16384|test|33|615593351|0|1511051|3694749846|801204651|790299134|183902167|173901281|0|0|1|200417280|0|||0|0|118308094.755|67522708.215|17954329.893|7373|0|0|0|
2755|1662811466.861213|2022-09-10 14:04:26.861213+02|16384|test|33|615658409|0|1511415|3695444806|801330812|790425266|183965167|173964281|0|0|1|200417280|0|||0|0|118339108.973|67542631.178|17961022.416|7375|0|0|0|
2756|1662811467.876308|2022-09-10 14:04:27.876308+02|16384|test|33|615727660|0|1511906|3696211932|801469599|790564020|184036468|174033512|0|0|1|200417280|0|||0|0|118372123.507|67563812.66|17968167.053|7377|0|0|0|
2757|1662811468.891450|2022-09-10 14:04:28.89145+02|16384|test|33|615794583|0|1512534|3696971628|801607815|790702210|184103387|174102501|0|0|1|200417280|0|||0|0|118404137.022|67584339.566|17975117.153|7379|0|0|0|
2758|1662811469.907418|2022-09-10 14:04:29.907418+02|16384|test|33|615854577|0|1512836|3697633400|801728042|790822402|184163377|174162491|0|0|1|200417280|0|||0|0|118436153.858|67605508.608|17981680.328|7381|0|0|0|
2759|1662811470.923081|2022-09-10 14:04:30.923081+02|16384|test|33|615919389|0|1513278|3698346205|801857900|790952230|184226061|174227299|0|0|1|200417280|0|||0|0|118467170.927|67625413.101|17988403.931|7383|0|0|0|
2760|1662811471.938748|2022-09-10 14:04:31.938748+02|16384|test|33|615988826|0|1513500|3699114096|801997005|791091308|184297618|174296732|0|0|1|200417280|0|||0|0|118500188.643|67646564.168|17995570.508|7385|0|0|0|
2761|1662811472.953659|2022-09-10 14:04:32.953659+02|16384|test|33|616055765|0|1514014|3699852578|802131119|791225390|184364553|174363667|0|0|1|200417280|0|||0|0|118532204.317|67667127.845|18002486.499|7387|0|0|0|
2762|1662811473.969205|2022-09-10 14:04:33.969205+02|16384|test|33|616122712|0|1514497|3700591442|802265256|791359488|184431496|174430610|0|0|1|200417280|0|||0|0|118564220.27|67687691.956|18009400.735|7389|0|0|0|
2763|1662811474.984687|2022-09-10 14:04:34.984687+02|16384|test|33|616182463|0|1514901|3701250920|802384991|791479194|184491243|174490357|0|0|1|200417280|0|||0|0|118596235.044|67708827.956|18015907.436|7391|0|0|0|
2764|1662811475.999913|2022-09-10 14:04:35.999913+02|16384|test|33|616249833|0|1515163|3701993949|802519974|791614138|184558609|174557723|0|0|1|200417280|0|||0|0|118628256.116|67729337.154|18022856.419|7393|0|0|0|
2765|1662811477.015519|2022-09-10 14:04:37.015519+02|16384|test|33|616316666|0|1515709|3702731818|802653878|791748008|184625438|174624552|0|0|1|200417280|0|||0|0|118660270.631|67749911.178|18029767.015|7395|0|0|0|
2766|1662811478.031257|2022-09-10 14:04:38.031257+02|16384|test|33|616383665|0|1516013|3703470985|802788110|791882210|184692433|174691547|0|0|1|200417280|0|||0|0|118692287.115|67770461.435|18036687.11|7397|0|0|0|
2767|1662811479.047097|2022-09-10 14:04:39.047097+02|16384|test|33|616450869|0|1516537|3704212687|802922751|792016822|184759633|174758747|0|0|1|200417280|0|||0|0|118724305.095|67790971.794|18043638.935|7399|0|0|0|
2768|1662811480.063971|2022-09-10 14:04:40.063971+02|16384|test|33|616510865|0|1516841|3704874703|803042966|792137018|184819625|174818739|0|0|1|200417280|0|||0|0|118756321.406|67812171.754|18050193.62|7401|0|0|0|
2769|1662811481.078994|2022-09-10 14:04:41.078994+02|16384|test|33|616575906|0|1517305|3705557013|803164947|792258972|184882585|174881687|0|0|1|200417280|0|||0|0|118787335.387|67832053.544|18056911.954|7403|0|0|0|
2770|1662811482.094325|2022-09-10 14:04:42.094325+02|16384|test|34|616645296|0|1517794|3706343609|803308006|792402010|184951909|174953162|0|0|1|200417280|0|||0|0|118820351.31|67853197.461|18064084.794|7405|0|0|0|
2771|1662811483.110463|2022-09-10 14:04:43.110463+02|16384|test|34|616712064|0|1518240|3707099674|803446756|792540028|185020812|175019926|0|0|1|200417280|0|||0|0|118852366.707|67873680.292|18071065.399|7407|0|0|0|
2772|1662811484.125400|2022-09-10 14:04:44.1254+02|16384|test|33|616777953|0|1526014|3707902779|803583784|792672620|185086691|175085815|0|0|1|200417280|0|||0|0|118884383.944|67894189.231|18078010.786|7409|0|0|0|
2773|1662811485.138232|2022-09-10 14:04:45.138232+02|16384|test|33|616835388|0|1526424|3708554354|803701999|792787971|185144122|175143246|0|0|1|200417280|0|||0|0|118915397.697|67914534.403|18084452.666|7411|0|0|0|
2774|1662811486.154099|2022-09-10 14:04:46.154099+02|16384|test|33|616902225|0|1526826|3709292427|803836075|792921860|185210955|175210079|0|0|1|200417280|0|||0|0|118947418.147|67935085.062|18091376.722|7413|0|0|0|
2775|1662811487.169358|2022-09-10 14:04:47.169358+02|16384|test|33|616971114|0|1527310|3710052814|803974142|793059842|185279840|175278964|0|0|1|200417280|0|||0|0|118980434.39|67956303.471|18098498.323|7415|0|0|0|
2776|1662811488.184614|2022-09-10 14:04:48.184614+02|16384|test|33|617038016|0|1527692|3710790924|804108235|793193850|185346738|175345862|0|0|1|200417280|0|||0|0|119012450.008|67976800.943|18105473.747|7417|0|0|0|
2777|1662811489.202077|2022-09-10 14:04:49.202077+02|16384|test|33|617103072|0|1528260|3711507607|804238629|793324166|185409646|175410914|0|0|1|200417280|0|||0|0|119043465.083|67996672.907|18112208.366|7419|0|0|0|
2778|1662811490.228310|2022-09-10 14:04:50.22831+02|16384|test|33|617165699|0|1528505|3712180084|804360405|793445870|185472536|175471660|0|0|1|200417280|0|||0|0|119076489.678|68018319.647|18119101.394|7421|0|0|0|
2779|1662811491.243422|2022-09-10 14:04:51.243422+02|16384|test|33|617232633|0|1528932|3712939874|804498301|793583696|185541343|175540467|0|0|1|200417280|0|||0|0|119108504.486|68038879.003|18126010.819|7423|0|0|0|
2780|1662811492.258647|2022-09-10 14:04:52.258647+02|16384|test|33|617300014|0|1529476|3713683640|804633342|793718662|185608720|175607844|0|0|1|200417280|0|||0|0|119140522.186|68059492.406|18132875.412|7425|0|0|0|
2781|1662811493.274197|2022-09-10 14:04:53.274197+02|16384|test|33|617367159|0|1529799|3714424319|804767907|793853156|185675861|175674985|0|0|1|200417280|0|||0|0|119172538.364|68080023.212|18139814.763|7427|0|0|0|
2782|1662811494.289928|2022-09-10 14:04:54.289928+02|16384|test|33|617434221|0|1530190|3715165433|804902307|793987484|185742919|175742043|0|0|1|200417280|0|||0|0|119204553.921|68100589.267|18146727.598|7429|0|0|0|
2783|1662811495.305837|2022-09-10 14:04:55.305837+02|16384|test|33|617500403|0|1530616|3715896059|805034946|794120052|185809097|175808221|0|0|1|200417280|0|||0|0|119236724.394|68121158.627|18153744.659|7431|0|0|0|
2784|1662811496.320538|2022-09-10 14:04:56.320538+02|16384|test|33|617561591|0|1531100|3716571501|805157591|794242632|185870281|175869405|0|0|1|200417280|0|||0|0|119268739.235|68142403.447|18160240.554|7433|0|0|0|
2785|1662811497.336512|2022-09-10 14:04:57.336512+02|16384|test|33|617679260|0|1531568|3717869744|805393259|794478174|185987946|175987070|0|0|1|200417280|0|||0|0|119324760.528|68178293.249|18172415.21|7435|0|0|0|
2786|1662811498.352542|2022-09-10 14:04:58.352542+02|16384|test|33|617760990|0|1532344|3718771683|805556998|794641838|186069672|176068796|0|0|1|200417280|0|||0|0|119363776.916|68203378.979|18180817.015|7437|0|0|0|
2787|1662811499.368062|2022-09-10 14:04:59.368062+02|16384|test|33|617827959|0|1532746|3719510466|805691208|794775980|186136637|176135761|0|0|1|200417280|0|||0|0|119395792.515|68224000.678|18187689.636|7439|0|0|0|
2788|1662811500.383238|2022-09-10 14:05:00.383238+02|16384|test|33|617887770|0|1533170|3720170718|805811099|794895806|186196444|176195568|0|0|1|200417280|0|||0|0|119427809.705|68245446.784|18194068.506|7441|0|0|0|
2789|1662811501.398647|2022-09-10 14:05:01.398647+02|16384|test|33|617954599|0|1533532|3720906003|805945030|795029668|186261142|176262393|0|0|1|200417280|0|||0|0|119459825.06|68266027.848|18200973.488|7443|0|0|0|
2790|1662811502.413450|2022-09-10 14:05:02.41345+02|16384|test|33|618023946|0|1533901|3721673963|806084004|795168566|186332612|176331736|0|0|1|200417280|0|||0|0|119492840.533|68287164.717|18208148.336|7445|0|0|0|
2791|1662811503.429309|2022-09-10 14:05:03.429309+02|16384|test|33|618091073|0|1534465|3722414948|806218531|795303024|186399735|176398859|0|0|1|200417280|0|||0|0|119524856.578|68307769.839|18215026.257|7447|0|0|0|
2792|1662811504.444852|2022-09-10 14:05:04.444852+02|16384|test|33|618158434|0|1534892|3723158547|806353520|795437950|186467092|176466216|0|0|1|200417280|0|||0|0|119556871.431|68328292.267|18221958.514|7449|0|0|0|
2793|1662811505.460082|2022-09-10 14:05:05.460082+02|16384|test|33|618218492|0|1535378|3723821801|806473902|795558270|186527146|176526270|0|0|1|200417280|0|||0|0|119588888.142|68349528.483|18228445.331|7451|0|0|0|
2794|1662811506.475311|2022-09-10 14:05:06.475311+02|16384|test|33|618285794|0|1535660|3724564112|806608778|795693078|186594444|176593568|0|0|1|200417280|0|||0|0|119620901.603|68370063.177|18235368.795|7453|0|0|0|
2795|1662811507.490672|2022-09-10 14:05:07.490672+02|16384|test|33|618352935|0|1536066|3725305305|806743328|795827564|186661581|176660705|0|0|1|200417280|0|||0|0|119652917.463|68390625.637|18242276.95|7455|0|0|0|
2796|1662811508.505814|2022-09-10 14:05:08.505814+02|16384|test|33|618420048|0|1536534|3726046400|806877820|795961994|186728690|176727814|0|0|1|200417280|0|||0|0|119684933.112|68411199.079|18249173.525|7457|0|0|0|
2797|1662811509.520630|2022-09-10 14:05:09.52063+02|16384|test|33|618487222|0|1537041|3726788036|807012433|796096546|186795860|176794984|0|0|1|200417280|0|||0|0|119716948.963|68431747.591|18256094.769|7459|0|0|0|
2798|1662811510.535672|2022-09-10 14:05:10.535672+02|16384|test|33|618547373|0|1537425|3727451928|807133001|796217052|186856007|176855131|0|0|1|200417280|0|||0|0|119748966.445|68452794.285|18262740.872|7461|0|0|0|
2799|1662811511.551579|2022-09-10 14:05:11.551579+02|16384|test|33|618614712|0|1537771|3728194982|807267946|796351934|186923342|176922466|0|0|1|200417280|0|||0|0|119780983.747|68473351.625|18269652.906|7463|0|0|0|
2800|1662811512.567093|2022-09-10 14:05:12.567093+02|16384|test|33|618681920|0|1538096|3728936860|807402641|796486554|186990546|176989670|0|0|1|200417280|0|||0|0|119813001.818|68493903.228|18276573.914|7465|0|0|0|
2801|1662811513.582750|2022-09-10 14:05:13.58275+02|16384|test|33|618748927|0|1538660|3729676461|807536926|796620772|187057549|177056673|0|0|1|200417280|0|||0|0|119845019.365|68514495.096|18283463.33|7467|0|0|0|
2802|1662811514.598241|2022-09-10 14:05:14.598241+02|16384|test|33|618816003|0|1539044|3730416652|807671336|796755128|187124621|177123745|0|0|1|200417280|0|||0|0|119877035.415|68535001.743|18290424.587|7469|0|0|0|
2803|1662811515.613167|2022-09-10 14:05:15.613167+02|16384|test|33|618876124|0|1539468|3731059301|807788060|796871774|187182838|177181943|0|0|1|200417280|0|||0|0|119909049.516|68556153.777|18296987.513|7471|0|0|0|
2804|1662811516.628920|2022-09-10 14:05:16.62892+02|16384|test|33|618943101|0|1539994|3731819900|807926089|797009732|187251711|177250835|0|0|1|200417280|0|||0|0|119941066.73|68576754.558|18303867.673|7473|0|0|0|
2805|1662811517.644607|2022-09-10 14:05:17.644607+02|16384|test|33|619010199|0|1540276|3732559956|808060547|797144132|187318805|177317929|0|0|1|200417280|0|||0|0|119973081.449|68597297.272|18310797.763|7475|0|0|0|
2806|1662811518.659375|2022-09-10 14:05:18.659375+02|16384|test|33|619077007|0|1540881|3733297468|808194449|797277952|187385609|177384733|0|0|1|200417280|0|||0|0|120005097.134|68617894.844|18317690.323|7477|0|0|0|
2807|1662811519.674997|2022-09-10 14:05:19.674997+02|16384|test|33|619144286|0|1541047|3734039450|808329282|797412714|187452884|177452008|0|0|1|200417280|0|||0|0|120037113.374|68638400.225|18324637.671|7479|0|0|0|
2808|1662811520.689681|2022-09-10 14:05:20.689681+02|16384|test|33|619203379|0|1541452|3734691668|808447721|797531104|187511973|177511097|0|0|1|200417280|0|||0|0|120069127.639|68659724.673|18331161.954|7481|0|0|0|
2809|1662811521.705518|2022-09-10 14:05:21.705518+02|16384|test|33|619270640|0|1541939|3735434238|808582497|797665830|187579230|177578354|0|0|1|200417280|0|||0|0|120101143.819|68680274.166|18338085.56|7483|0|0|0|
2810|1662811522.721439|2022-09-10 14:05:22.721439+02|16384|test|33|619337618|0|1542313|3736173760|808716724|797799990|187646204|177645328|0|0|1|200417280|0|||0|0|120133160.347|68700840.959|18344998.145|7485|0|0|0|
2811|1662811523.737459|2022-09-10 14:05:23.737459+02|16384|test|33|619404623|0|1542739|3736913516|808851004|797934204|187713205|177712329|0|0|1|200417280|0|||0|0|120165177.419|68721427.806|18351892.668|7487|0|0|0|
2812|1662811524.752915|2022-09-10 14:05:24.752915+02|16384|test|33|619471828|0|1543227|3737655401|808985676|798068818|187780406|177779530|0|0|1|200417280|0|||0|0|120197196.489|68742013.853|18358782.376|7489|0|0|0|
2813|1662811525.768754|2022-09-10 14:05:25.768754+02|16384|test|33|619532179|0|1543736|3738321906|809106651|798189724|187840753|177839877|0|0|1|200417280|0|||0|0|120229217.513|68763092.832|18365411.167|7491|0|0|0|
2814|1662811526.784397|2022-09-10 14:05:26.784397+02|16384|test|33|619599305|0|1544023|3739062675|809241169|798324180|187907875|177906999|0|0|1|200417280|0|||0|0|120261233.936|68783637.493|18372341.318|7493|0|0|0|
2815|1662811527.799585|2022-09-10 14:05:27.799585+02|16384|test|33|619666457|0|1544470|3739803795|809375739|798458688|187975023|177974147|0|0|1|200417280|0|||0|0|120293248.888|68804204.652|18379245.853|7495|0|0|0|
2816|1662811528.815363|2022-09-10 14:05:28.815363+02|16384|test|33|619733478|0|1544875|3740543457|809510054|798592934|188042040|178041164|0|0|1|200417280|0|||0|0|120325265.266|68824762.415|18386163.047|7497|0|0|0|
2817|1662811529.830004|2022-09-10 14:05:29.830004+02|16384|test|33|619800668|0|1545361|3741285197|809644699|798727518|188109226|178108350|0|0|1|200417280|0|||0|0|120357279.929|68845270.045|18393112.981|7499|0|0|0|
2818|1662811530.845688|2022-09-10 14:05:30.845688+02|16384|test|33|619861882|0|1545786|3741960950|809767405|798850150|188170436|178169560|0|0|1|200417280|0|||0|0|120389297.538|68866242.223|18399824.386|7501|0|0|0|
2819|1662811531.861382|2022-09-10 14:05:31.861382+02|16384|test|33|619928885|0|1546169|3742700390|809901680|798984360|188237435|178236559|0|0|1|200417280|0|||0|0|120421313.507|68886797.714|18406741.353|7503|0|0|0|
2820|1662811532.876390|2022-09-10 14:05:32.87639+02|16384|test|33|619996001|0|1546514|3743440975|810036180|799118796|188304547|178303671|0|0|1|200417280|0|||0|0|120453328.98|68907331.483|18413676.709|7505|0|0|0|
2821|1662811533.891766|2022-09-10 14:05:33.891766+02|16384|test|33|620062953|0|1546999|3744179928|810170354|799252904|188371495|178370619|0|0|1|200417280|0|||0|0|120485344.754|68927872.88|18420611.184|7507|0|0|0|
2822|1662811534.907429|2022-09-10 14:05:34.907429+02|16384|test|33|620130082|0|1547349|3744921170|810304873|799387366|188438620|178437744|0|0|1|200417280|0|||0|0|120517360.707|68948410.27|18427540.831|7509|0|0|0|
2823|1662811535.922837|2022-09-10 14:05:35.922837+02|16384|test|33|620191560|0|1547857|3745600220|810428074|799510526|188500094|178499218|0|0|1|200417280|0|||0|0|120549419.94|68969434.501|18434176.742|7511|0|0|0|
2824|1662811536.937570|2022-09-10 14:05:36.93757+02|16384|test|33|620260305|0|1548301|3746358860|810565817|799648220|188568835|178567959|0|0|1|200417280|0|||0|0|120582470.372|68990653.349|18441317.688|7513|0|0|0|
2825|1662811537.953430|2022-09-10 14:05:37.95343+02|16384|test|33|620327421|0|1548706|3747084635|810696053|799778400|188633891|178635071|0|0|1|200417280|0|||0|0|120614485.978|69011190.059|18448247.134|7515|0|0|0|
2826|1662811538.968498|2022-09-10 14:05:38.968498+02|16384|test|33|620394631|0|1549051|3747841122|810834981|799917280|188703153|178702277|0|0|1|200417280|0|||0|0|120646500.944|69031661.932|18455221.972|7517|0|0|0|
2827|1662811539.983009|2022-09-10 14:05:39.983009+02|16384|test|33|620461374|0|1549539|3748577989|810968727|800050970|188769892|178769016|0|0|1|200417280|0|||0|0|120678516.381|69052210.597|18462156.904|7519|0|0|0|
2828|1662811540.998559|2022-09-10 14:05:40.998559+02|16384|test|33|620528318|0|1550186|3749317258|811102878|800185062|188836832|178835956|0|0|1|200417280|0|||0|0|120710536.075|69072722.483|18469113.607|7521|0|0|0|
2829|1662811542.013775|2022-09-10 14:05:42.013775+02|16384|test|34|620589133|0|1550348|3749988222|811224762|800306896|188897643|178896767|0|0|1|200417280|0|||0|0|120742553.518|69093502.645|18475901.141|7523|0|0|0|
2830|1662811543.029602|2022-09-10 14:05:43.029602+02|16384|test|33|620655491|0|1550976|3750755536|811359478|800439970|188963993|178963121|0|0|1|200417280|0|||0|0|120774570.739|69114041.649|18482844.328|7525|0|0|0|
2831|1662811544.045321|2022-09-10 14:05:44.045321+02|16384|test|33|620720376|0|1551199|3751473581|811490143|800570316|189028874|179028002|0|0|1|200417280|0|||0|0|120805586.558|69133894.497|18489590.289|7527|0|0|0|
2832|1662811545.060289|2022-09-10 14:05:45.060289+02|16384|test|33|620789440|0|1551683|3752235849|811628558|800708660|189097934|179097062|0|0|1|200417280|0|||0|0|120838601.764|69155075.02|18496739.364|7529|0|0|0|
2833|1662811546.076185|2022-09-10 14:05:46.076185+02|16384|test|33|620856763|0|1552087|3752978805|811763473|800843510|189165253|179164381|0|0|1|200417280|0|||0|0|120870616.75|69175561.938|18503701.942|7531|0|0|0|
2834|1662811547.091926|2022-09-10 14:05:47.091926+02|16384|test|33|620912565|0|1552391|3753594728|811875340|800955318|189221051|179220179|0|0|1|200417280|0|||0|0|120902632.936|69197137.706|18510040.913|7533|0|0|0|
2835|1662811548.107502|2022-09-10 14:05:48.107502+02|16384|test|33|620979370|0|1552795|3754332044|812009229|801089132|189287852|179286980|0|0|1|200417280|0|||0|0|120934647.161|69217695.087|18516970.349|7535|0|0|0|
2836|1662811549.123108|2022-09-10 14:05:49.123108+02|16384|test|33|621045925|0|1553441|3755067034|812142602|801222446|189354403|179353531|0|0|1|200417280|0|||0|0|120966660.915|69238284.091|18523874.674|7537|0|0|0|
2837|1662811550.138695|2022-09-10 14:05:50.138695+02|16384|test|33|621113108|0|1553643|3755807901|812277215|801357016|189421582|179420710|0|0|1|200417280|0|||0|0|120998676.671|69258762.104|18530851.699|7539|0|0|0|
2838|1662811551.154367|2022-09-10 14:05:51.154367+02|16384|test|33|621180306|0|1554047|3756549510|812411886|801491616|189488776|179487904|0|0|1|200417280|0|||0|0|121030691.439|69279270.411|18537803.252|7541|0|0|0|
2839|1662811552.168879|2022-09-10 14:05:52.168879+02|16384|test|33|621235634|0|1554612|3757160767|812522790|801602476|189544100|179543228|0|0|1|200417280|0|||0|0|121062708.435|69301027.682|18544015.301|7543|0|0|0|
2840|1662811553.184401|2022-09-10 14:05:53.184401+02|16384|test|33|621302966|0|1554956|3757903772|812657718|801737344|189611428|179610556|0|0|1|200417280|0|||0|0|121094723.259|69321518.286|18550977.497|7545|0|0|0|
2841|1662811554.199878|2022-09-10 14:05:54.199878+02|16384|test|33|621369741|0|1555438|3758640439|812791516|801871098|189678199|179677327|0|0|1|200417280|0|||0|0|121126740.514|69342049.835|18557929.424|7547|0|0|0|
2842|1662811555.214908|2022-09-10 14:05:55.214908+02|16384|test|33|621436978|0|1555760|3759382048|812926245|802005776|189745432|179744560|0|0|1|200417280|0|||0|0|121158756.81|69362487.662|18564939.803|7549|0|0|0|
2843|1662811556.229835|2022-09-10 14:05:56.229835+02|16384|test|33|621504068|0|1556102|3760122083|813060680|802140160|189812518|179811646|0|0|1|200417280|0|||0|0|121190772.997|69383033.324|18571860.385|7551|0|0|0|
2844|1662811557.245121|2022-09-10 14:05:57.245121+02|16384|test|33|621560689|0|1556550|3760729769|813170598|802250030|189869135|179866474|0|0|1|200417280|0|||0|0|121222788.091|69404686.066|18578144.088|7553|0|0|0|
2845|1662811558.260622|2022-09-10 14:05:58.260622+02|16384|test|33|621628059|0|1556914|3761491029|813309178|802388550|189936501|179935629|0|0|1|200417280|0|||0|0|121254802.472|69425207.889|18585074.548|7555|0|0|0|
2846|1662811559.276443|2022-09-10 14:05:59.276443+02|16384|test|33|621695112|0|1557483|3762231656|813443539|802522860|190003550|180002678|0|0|1|200417280|0|||0|0|121286819.426|69445731.066|18592024.131|7557|0|0|0|
2847|1662811560.292230|2022-09-10 14:06:00.29223+02|16384|test|33|621761988|0|1558034|3762970113|813577553|802656816|190070422|180069550|0|0|1|200417280|0|||0|0|121318835.144|69466300.416|18598931.211|7559|0|0|0|
2848|1662811561.307419|2022-09-10 14:06:01.307419+02|16384|test|33|621828958|0|1558384|3763709132|813711764|802790960|190137388|180136516|0|0|1|200417280|0|||0|0|121350850.989|69486808.595|18605889.422|7561|0|0|0|
2849|1662811562.322561|2022-09-10 14:06:02.322561+02|16384|test|33|621888007|0|1558589|3764360692|813830110|802909262|190196433|180195561|0|0|1|200417280|0|||0|0|121382867.828|69507973.579|18612472.605|7563|0|0|0|
2850|1662811563.338267|2022-09-10 14:06:03.338267+02|16384|test|33|621955146|0|1559039|3765102118|813964664|803043744|190263568|180262696|0|0|1|200417280|0|||0|0|121414881.539|69528515.177|18619394.954|7565|0|0|0|
2851|1662811564.353124|2022-09-10 14:06:04.353124+02|16384|test|33|622022001|0|1559471|3765840520|814098625|803177658|190330419|180329547|0|0|1|200417280|0|||0|0|121446895.127|69549010.651|18626364.131|7567|0|0|0|
2852|1662811565.368968|2022-09-10 14:06:05.368968+02|16384|test|33|622088949|0|1559859|3766579573|814232777|803311758|190397363|180396491|0|0|1|200417280|0|||0|0|121478908.638|69569546.135|18633290.906|7569|0|0|0|
2853|1662811566.384595|2022-09-10 14:06:06.384595+02|16384|test|33|622202913|0|1560669|3767837317|814461015|803539890|190511323|180510451|0|0|1|200417280|0|||0|0|121535933.511|69606479.103|18645460.056|7571|0|0|0|
2854|1662811567.400623|2022-09-10 14:06:07.400623+02|16384|test|33|622280882|0|1561256|3768685210|814612927|803691748|190589288|180588416|0|0|1|200417280|0|||0|0|121573963.832|69631025.054|18653601.773|7573|0|0|0|
2855|1662811568.415852|2022-09-10 14:06:08.415852+02|16384|test|33|622350217|0|1561620|3769463133|814756137|803834906|190658619|180657747|0|0|1|200417280|0|||0|0|121606981.406|69652149.731|18660788.8|7575|0|0|0|
2856|1662811569.430878|2022-09-10 14:06:09.430878+02|16384|test|33|622417132|0|1562029|3770202022|814890239|803968940|190725530|180724658|0|0|1|200417280|0|||0|0|121639000.003|69672641.15|18667743.061|7577|0|0|0|
2857|1662811570.446880|2022-09-10 14:06:10.44688+02|16384|test|33|622483993|0|1562513|3770939963|815024208|804102866|190792387|180791515|0|0|1|200417280|0|||0|0|121671015.439|69693175.061|18674682.424|7579|0|0|0|
2858|1662811571.462743|2022-09-10 14:06:11.462743+02|16384|test|33|622540445|0|1562877|3771563022|815137358|804215974|190848835|180847963|0|0|1|200417280|0|||0|0|121702034.456|69713854.493|18680967.44|7581|0|0|0|
2859|1662811572.477999|2022-09-10 14:06:12.477999+02|16384|test|33|622605207|0|1563144|3772277777|815267129|804345702|190913593|180912721|0|0|1|200417280|0|||0|0|121734051.374|69734644.003|18687751.489|7583|0|0|0|
2860|1662811573.493216|2022-09-10 14:06:13.493216+02|16384|test|33|622674438|0|1563612|3773042158|815405858|804484368|190982820|180981948|0|0|1|200417280|0|||0|0|121767068.509|69755817.989|18694898.126|7585|0|0|0|
2861|1662811574.508362|2022-09-10 14:06:14.508362+02|16384|test|33|622741547|0|1564004|3773783705|815540325|804618790|191049925|181049053|0|0|1|200417280|0|||0|0|121799085.255|69776308.085|18701869.912|7587|0|0|0|
2862|1662811575.524256|2022-09-10 14:06:15.524256+02|16384|test|33|622808481|0|1564572|3774522974|815674446|804752862|191116855|181115983|0|0|1|200417280|0|||0|0|121831102.365|69796871.606|18708785.512|7589|0|0|0|
2863|1662811576.540030|2022-09-10 14:06:16.54003+02|16384|test|33|622868452|0|1564818|3775184953|815794651|804873008|191176822|181175950|0|0|1|200417280|0|||0|0|121863119.818|69817832.948|18715488.55|7591|0|0|0|
2864|1662811577.555549|2022-09-10 14:06:17.555549+02|16384|test|33|622935689|0|1565303|3775927074|815929390|805007686|191244055|181243183|0|0|1|200417280|0|||0|0|121895136.39|69838328.26|18722451.028|7593|0|0|0|
2865|1662811578.570432|2022-09-10 14:06:18.570432+02|16384|test|33|623000868|0|1565667|3776646332|816059997|805138248|191309230|181308358|0|0|1|200417280|0|||0|0|121926150.168|69858168.237|18729204.05|7595|0|0|0|
2866|1662811579.585940|2022-09-10 14:06:19.58594+02|16384|test|33|623070200|0|1566255|3777411829|816198920|805277116|191378558|181377686|0|0|1|200417280|0|||0|0|121959164.312|69879311.028|18736380.533|7597|0|0|0|
2867|1662811580.601288|2022-09-10 14:06:20.601288+02|16384|test|33|623135191|0|1566561|3778129189|816329156|805407302|191443545|181442673|0|0|1|200417280|0|||0|0|121990179.837|69899200.734|18743098.804|7599|0|0|0|
2868|1662811581.616851|2022-09-10 14:06:21.616851+02|16384|test|33|623202491|0|1567005|3778871954|816464013|805542106|191510841|181509969|0|0|1|200417280|0|||0|0|122023239.83|69920385.932|18750277.077|7601|0|0|0|
2869|1662811582.632626|2022-09-10 14:06:22.632626+02|16384|test|33|623264393|0|1567349|3779555104|816588066|805666114|191572739|181571867|0|0|1|200417280|0|||0|0|122055255.666|69941666.045|18756759.266|7603|0|0|0|
2870|1662811583.648204|2022-09-10 14:06:23.648204+02|16384|test|33|623331726|0|1567859|3780298715|816722986|805800984|191640068|181639196|0|0|1|200417280|0|||0|0|122087272.538|69962177.474|18763707.12|7605|0|0|0|
2871|1662811584.663270|2022-09-10 14:06:24.66327+02|16384|test|33|623398832|0|1568343|3781039352|816857461|805935400|191707170|181706298|0|0|1|200417280|0|||0|0|122119287.475|69982688.086|18770656.697|7607|0|0|0|
2872|1662811585.678649|2022-09-10 14:06:25.678649+02|16384|test|33|623466120|0|1568709|3781782046|816992290|806070180|191774454|181773582|0|0|1|200417280|0|||0|0|122151302.914|70003190.296|18777612.169|7609|0|0|0|
2873|1662811586.694284|2022-09-10 14:06:26.694284+02|16384|test|33|623533316|0|1569055|3782523797|817126934|806204776|191841646|181840774|0|0|1|200417280|0|||0|0|122183318.889|70023697.822|18784560.27|7611|0|0|0|
2874|1662811587.709793|2022-09-10 14:06:27.709793+02|16384|test|33|623590339|0|1569779|3783153597|817241232|806319026|191898665|181897793|0|0|1|200417280|0|||0|0|122215335.356|70045229.101|18790899.898|7613|0|0|0|
2875|1662811588.724857|2022-09-10 14:06:28.724857+02|16384|test|33|623657853|0|1570061|3783896111|817376517|806454258|191964090|181965303|0|0|1|200417280|0|||0|0|122247350.116|70065692.295|18797882.319|7615|0|0|0|
2876|1662811589.740576|2022-09-10 14:06:29.740576+02|16384|test|33|623725077|0|1570283|3784639573|817511224|806588910|192033395|182032523|0|0|1|200417280|0|||0|0|122279367.809|70086202.938|18804830.721|7617|0|0|0|
2877|1662811590.756058|2022-09-10 14:06:30.756058+02|16384|test|33|623792325|0|1570870|3785382496|817645973|806723610|192100639|182099767|0|0|1|200417280|0|||0|0|122311383.314|70106723.736|18811774.869|7619|0|0|0|
2878|1662811591.771552|2022-09-10 14:06:31.771552+02|16384|test|33|623859480|0|1571254|3786123505|817780545|806858124|192167790|182166918|0|0|1|200417280|0|||0|0|122343397.899|70127194.401|18818757.015|7621|0|0|0|
2879|1662811592.787178|2022-09-10 14:06:32.787178+02|16384|test|33|623917275|0|1571598|3786753815|817896377|806973918|192225581|182222816|0|0|1|200417280|0|||0|0|122374414.442|70147857.311|18825018.065|7623|0|0|0|
2880|1662811593.801864|2022-09-10 14:06:33.801864+02|16384|test|33|623986174|0|1571984|3787521923|818034430|807111920|192294476|182293604|0|0|1|200417280|0|||0|0|122407430.715|70169105.838|18832114.806|7625|0|0|0|
2881|1662811594.817684|2022-09-10 14:06:34.817684+02|16384|test|33|624052731|0|1572510|3788256802|818167808|807245238|192361029|182360157|0|0|1|200417280|0|||0|0|122439447.68|70189709.681|18839009.805|7627|0|0|0|
2882|1662811595.833268|2022-09-10 14:06:35.833268+02|16384|test|33|624120089|0|1572794|3789000075|818302777|807380158|192428383|182427511|0|0|1|200417280|0|||0|0|122471465.078|70210194.384|18845979.251|7629|0|0|0|
2883|1662811596.848735|2022-09-10 14:06:36.848735+02|16384|test|33|624186773|0|1573600|3789736586|818436395|807513730|192495063|182494191|0|0|1|200417280|0|||0|0|122503480.193|70230823.471|18852853.75|7631|0|0|0|
2884|1662811597.864472|2022-09-10 14:06:37.864472+02|16384|test|33|624246802|0|1573600|3790398204|818556692|807633992|192555088|182554216|0|0|1|200417280|0|||0|0|122535496.744|70251859.492|18859476.724|7633|0|0|0|
2885|1662811598.879516|2022-09-10 14:06:38.879516+02|16384|test|33|624313768|0|1574046|3791124985|818686726|807763982|192622050|182621178|0|0|1|200417280|0|||0|0|122567511.96|70272363.77|18866433.937|7635|0|0|0|
2886|1662811599.895256|2022-09-10 14:06:39.895256+02|16384|test|33|624380627|0|1574611|3791875453|818824862|807902050|192688905|182688033|0|0|1|200417280|0|||0|0|122599527.666|70292887.703|18873376.452|7637|0|0|0|
2887|1662811600.911010|2022-09-10 14:06:40.91101+02|16384|test|33|624447807|0|1575035|3792595821|818955261|808032412|192756081|182753064|0|0|1|200417280|0|||0|0|122631542.897|70313374.264|18880348.416|7639|0|0|0|
2888|1662811601.927022|2022-09-10 14:06:41.927022+02|16384|test|33|624514880|0|1575457|3793354861|819093870|808170964|192821101|182822278|0|0|1|200417280|0|||0|0|122663557.889|70333884.439|18887304.714|7641|0|0|0|
2889|1662811602.942217|2022-09-10 14:06:42.942217+02|16384|test|33|624570803|0|1575707|3794007373|819207464|808283168|192879065|182878197|0|0|1|200417280|0|||0|0|122695574.312|70355337.995|18893744.75|7643|0|0|0|
2890|1662811603.957447|2022-09-10 14:06:43.957447+02|16384|test|33|624637972|0|1576198|3794751179|819342612|808418094|192946230|182945362|0|0|1|200417280|0|||0|0|122727589.892|70375823.896|18900702.228|7645|0|0|0|
2891|1662811604.972523|2022-09-10 14:06:44.972523+02|16384|test|33|624705165|0|1576540|3795492370|819477241|808552684|193013419|183012551|0|0|1|200417280|0|||0|0|122759605.764|70396314.561|18907670.895|7647|0|0|0|
2892|1662811605.988011|2022-09-10 14:06:45.988011+02|16384|test|33|624770306|0|1577065|3796202867|819607767|808683170|193078556|183075531|0|0|1|200417280|0|||0|0|122790623.358|70416176.683|18914409.351|7649|0|0|0|
2893|1662811607.002775|2022-09-10 14:06:47.002775+02|16384|test|33|624839263|0|1577410|3796972363|819745930|808821288|193147509|183146641|0|0|1|200417280|0|||0|0|122823639.417|70437344.711|18921565.103|7651|0|0|0|
2894|1662811608.015711|2022-09-10 14:06:48.015711+02|16384|test|33|624898787|0|1577832|3797629104|819865227|808940540|193207029|183206161|0|0|1|200417280|0|||0|0|122855653.218|70458686.681|18928009.896|7653|0|0|0|
2895|1662811609.030547|2022-09-10 14:06:49.030547+02|16384|test|33|624965646|0|1578346|3798366774|819999196|809074462|193273884|183273016|0|0|1|200417280|0|||0|0|122887669.631|70479243.685|18934936.491|7655|0|0|0|
2896|1662811610.045845|2022-09-10 14:06:50.045845+02|16384|test|33|625032661|0|1578648|3799105907|820133471|809208696|193340895|183340027|0|0|1|200417280|0|||0|0|122919687.2|70499703.847|18941932.628|7657|0|0|0|
2897|1662811611.061477|2022-09-10 14:06:51.061477+02|16384|test|33|625099559|0|1579135|3799844543|820267513|809342696|193407789|183406921|0|0|1|200417280|0|||0|0|122951701.648|70520235.118|18948877.637|7659|0|0|0|
2898|1662811612.078313|2022-09-10 14:06:52.078313+02|16384|test|33|625166524|0|1579761|3800584052|820401696|809476830|193474750|183473882|0|0|1|200417280|0|||0|0|122983719.62|70540804.328|18955789.11|7661|0|0|0|
2899|1662811613.102749|2022-09-10 14:06:53.102749+02|16384|test|33|625226813|0|1579863|3801248975|820522527|809597612|193535035|183534167|0|0|1|200417280|0|||0|0|123015738.494|70561862.686|18962430.216|7663|0|0|0|
2900|1662811614.118854|2022-09-10 14:06:54.118854+02|16384|test|33|625294038|0|1580411|3801991363|820657226|809732266|193602256|183601388|0|0|1|200417280|0|||0|0|123047753.31|70582364.642|18969383.973|7665|0|0|0|
2901|1662811615.134179|2022-09-10 14:06:55.134179+02|16384|test|33|625360391|0|1581037|3802724062|820790185|809865176|193668605|183667737|0|0|1|200417280|0|||0|0|123079769.632|70602971.481|18976280.441|7667|0|0|0|
2902|1662811616.149687|2022-09-10 14:06:56.149687+02|16384|test|33|625427335|0|1581159|3803462207|820924318|809999268|193735545|183734677|0|0|1|200417280|0|||0|0|123111787.474|70623470.794|18983245.974|7669|0|0|0|
2903|1662811617.165601|2022-09-10 14:06:57.165601+02|16384|test|33|625494320|0|1581686|3804201811|821058540|810133442|193802526|183801658|0|0|1|200417280|0|||0|0|123143806.56|70643941.337|18990236.455|7671|0|0|0|
2904|1662811618.181729|2022-09-10 14:06:58.181729+02|16384|test|33|625553849|0|1582210|3804859001|821177848|810252704|193862051|183861183|0|0|1|200417280|0|||0|0|123175826.876|70665257.378|18996739.625|7673|0|0|0|
2905|1662811619.197731|2022-09-10 14:06:59.197731+02|16384|test|33|625617793|0|1582452|3805564308|821306000|810380796|193925991|183925123|0|0|1|200417280|0|||0|0|123207843.203|70686140.256|19003470.865|7675|0|0|0|
2906|1662811620.212815|2022-09-10 14:07:00.212815+02|16384|test|33|625684624|0|1582857|3806301995|821439908|810514662|193992818|183991950|0|0|1|200417280|0|||0|0|123239859.736|70706742.274|19010359.724|7677|0|0|0|
2907|1662811621.228193|2022-09-10 14:07:01.228193+02|16384|test|33|625751818|0|1583243|3807043663|821574543|810649254|194060008|184059140|0|0|1|200417280|0|||0|0|123271874.523|70727273.103|19017290.622|7679|0|0|0|
2908|1662811622.243249|2022-09-10 14:07:02.243249+02|16384|test|33|625818824|0|1583667|3807783127|821708818|810783470|194127010|184126142|0|0|1|200417280|0|||0|0|123303890.279|70747769.607|19024256.609|7681|0|0|0|
2909|1662811623.258767|2022-09-10 14:07:03.258767+02|16384|test|33|625880608|0|1584213|3808465457|821832632|810907242|194188790|184187922|0|0|1|200417280|0|||0|0|123335932.987|70768719.922|19030976.095|7683|0|0|0|
2910|1662811624.274042|2022-09-10 14:07:04.274042+02|16384|test|33|625945964|0|1584475|3809186222|821963585|811038158|194254142|184253274|0|0|1|200417280|0|||0|0|123367947.48|70789457.488|19037785.205|7685|0|0|0|
2911|1662811625.288865|2022-09-10 14:07:05.288865+02|16384|test|33|626013354|0|1584963|3809930558|822098614|811173142|194321528|184320660|0|0|1|200417280|0|||0|0|123399961.882|70809985.132|19044717.616|7687|0|0|0|
2912|1662811626.304195|2022-09-10 14:07:06.304195+02|16384|test|33|626080584|0|1585387|3810672460|822233316|811307806|194388754|184387886|0|0|1|200417280|0|||0|0|123431978.362|70830499.179|19051664.142|7689|0|0|0|
2913|1662811627.319409|2022-09-10 14:07:07.319409+02|16384|test|33|626147690|0|1585773|3811400566|822363578|811438020|194455856|184454988|0|0|1|200417280|0|||0|0|123463994.766|70851030.244|19058607.675|7691|0|0|0|
2914|1662811628.335015|2022-09-10 14:07:08.335015+02|16384|test|33|626215010|0|1586199|3812156234|822502655|811577066|194523172|184522304|0|0|1|200417280|0|||0|0|123496014.593|70871551.887|19065544.867|7693|0|0|0|
2915|1662811629.350464|2022-09-10 14:07:09.350464+02|16384|test|33|626274870|0|1586641|3812816715|822622617|811696990|194583028|184582160|0|0|1|200417280|0|||0|0|123528030.544|70892649.926|19072140.119|7695|0|0|0|
2916|1662811630.365978|2022-09-10 14:07:10.365978+02|16384|test|33|626341670|0|1587024|3813553837|822756460|811830794|194649824|184648956|0|0|1|200417280|0|||0|0|123560046.626|70913248.757|19079027.212|7697|0|0|0|
2917|1662811631.381986|2022-09-10 14:07:11.381986+02|16384|test|33|626408828|0|1587390|3814295223|822891027|811965314|194716978|184716110|0|0|1|200417280|0|||0|0|123592071.025|70933789.174|19085959.766|7699|0|0|0|
2918|1662811632.397616|2022-09-10 14:07:12.397616+02|16384|test|33|626478004|0|1587917|3815037888|823025509|812099744|194786150|184783152|0|0|1|200417280|0|||0|0|123625087.986|70954996.323|19093089.158|7701|0|0|0|
2919|1662811633.412261|2022-09-10 14:07:13.412261+02|16384|test|33|626597633|0|1588627|3816378907|823269181|812343332|194905775|184904907|0|0|1|200417280|0|||0|0|123687110.855|70995899.321|19105823.486|7703|0|0|0|
2920|1662811634.427419|2022-09-10 14:07:14.427419+02|16384|test|33|626664574|0|1589257|3817118529|823403303|812477418|194972712|184971844|0|0|1|200417280|0|||0|0|123719127.204|71016453.631|19112751.421|7705|0|0|0|
2921|1662811635.442550|2022-09-10 14:07:15.44255+02|16384|test|33|626731896|0|1589521|3817861241|823538181|812612266|195040030|185039162|0|0|1|200417280|0|||0|0|123751144.747|71036972.228|19119696.358|7707|0|0|0|
2922|1662811636.458167|2022-09-10 14:07:16.458167+02|16384|test|33|626801036|0|1590109|3818624854|823676713|812750750|195109166|185108298|0|0|1|200417280|0|||0|0|123784159.731|71058118.033|19126877.313|7709|0|0|0|
2923|1662811637.473211|2022-09-10 14:07:17.473211+02|16384|test|33|626868309|0|1590473|3819367069|823811491|812885500|195176435|185175567|0|0|1|200417280|0|||0|0|123816173.607|71078597.785|19133851.499|7711|0|0|0|
2924|1662811638.488715|2022-09-10 14:07:18.488715+02|16384|test|33|626924852|0|1590855|3819990917|823924806|812998790|195232974|185232106|0|0|1|200417280|0|||0|0|123848189.277|71100289.796|19140112.093|7713|0|0|0|
2925|1662811639.504578|2022-09-10 14:07:19.504578+02|16384|test|33|626991992|0|1591360|3820732147|824059323|813133274|195300110|185299242|0|0|1|200417280|0|||0|0|123880204.35|71120849.704|19147030.742|7715|0|0|0|
2926|1662811640.520450|2022-09-10 14:07:20.52045+02|16384|test|33|627059410|0|1591547|3821476116|824194421|813268314|195367524|185366656|0|0|1|200417280|0|||0|0|123912220.947|71141374.461|19153961.489|7717|0|0|0|
2927|1662811641.535876|2022-09-10 14:07:21.535876+02|16384|test|33|627126610|0|1592095|3822218075|824329066|813402918|195434720|185433852|0|0|1|200417280|0|||0|0|123944238.511|71161905.441|19160899.11|7719|0|0|0|
2928|1662811642.551487|2022-09-10 14:07:22.551487+02|16384|test|33|627193983|0|1592422|3822961637|824464059|813537868|195502089|185501221|0|0|1|200417280|0|||0|0|123976254.343|71182455.482|19167819.103|7721|0|0|0|
2929|1662811643.566806|2022-09-10 14:07:23.566806+02|16384|test|33|627249864|0|1592790|3823578880|824576044|813649834|195557966|185557098|0|0|1|200417280|0|||0|0|124008270.126|71204071.577|19174122.126|7723|0|0|0|
2930|1662811644.582388|2022-09-10 14:07:24.582388+02|16384|test|33|627317261|0|1593216|3824322952|824711079|813784832|195625359|185624491|0|0|1|200417280|0|||0|0|124040285.368|71224606.327|19181048.502|7725|0|0|0|
2931|1662811645.597302|2022-09-10 14:07:25.597302+02|16384|test|33|627384585|0|1593762|3825066295|824845981|813919684|195692679|185691811|0|0|1|200417280|0|||0|0|124072300.675|71245145.849|19187975.173|7727|0|0|0|
2932|1662811646.613304|2022-09-10 14:07:26.613304+02|16384|test|33|627451950|0|1594047|3825809577|824980963|814054618|195760040|185759172|0|0|1|200417280|0|||0|0|124104317.434|71265644.427|19194932.02|7729|0|0|0|
2933|1662811647.628574|2022-09-10 14:07:27.628574+02|16384|test|33|627516961|0|1594513|3826525101|825111218|814184844|195822958|185824179|0|0|1|200417280|0|||0|0|124135334.698|71285572.351|19201618.384|7731|0|0|0|
2934|1662811648.643889|2022-09-10 14:07:28.643889+02|16384|test|33|627573970|0|1595138|3827156799|825225467|814299066|195882052|185881184|0|0|1|200417280|0|||0|0|124168350.924|71308031.839|19207954.273|7733|0|0|0|
2935|1662811649.659191|2022-09-10 14:07:29.659191+02|16384|test|33|627641151|0|1595260|3827897857|825360067|814433632|195949229|185948361|0|0|1|200417280|0|||0|0|124200367.553|71328584.058|19214873.126|7735|0|0|0|
2936|1662811650.674361|2022-09-10 14:07:30.674361+02|16384|test|33|627708382|0|1595727|3828639915|825494768|814568298|196016456|186015588|0|0|1|200417280|0|||0|0|124232382.124|71349099.757|19221819.339|7737|0|0|0|
2937|1662811651.688706|2022-09-10 14:07:31.688706+02|16384|test|33|627775372|0|1596293|3829379544|825628991|814702482|196083442|186082574|0|0|1|200417280|0|||0|0|124264398.017|71369646.975|19228752.631|7739|0|0|0|
2938|1662811652.703703|2022-09-10 14:07:32.703703+02|16384|test|33|627842495|0|1596597|3830120074|825763473|814836932|196150561|186149693|0|0|1|200417280|0|||0|0|124296414.265|71390172.581|19235691.03|7741|0|0|0|
2939|1662811653.719429|2022-09-10 14:07:33.719429+02|16384|test|33|627898375|0|1596880|3830736674|825875465|814948896|196206437|186205569|0|0|1|200417280|0|||0|0|124328436.33|71411994.829|19241866.732|7743|0|0|0|
2940|1662811654.734979|2022-09-10 14:07:34.734979+02|16384|test|33|627964528|0|1597303|3831466522|826008008|815081406|196272586|186271718|0|0|1|200417280|0|||0|0|124360454.341|71432716.177|19248664.078|7745|0|0|0|
2941|1662811655.750644|2022-09-10 14:07:35.750644+02|16384|test|33|628031494|0|1597929|3832205899|826142177|815215542|196339548|186338680|0|0|1|200417280|0|||0|0|124392470.889|71453255.604|19255606.86|7747|0|0|0|
2942|1662811656.766386|2022-09-10 14:07:36.766386+02|16384|test|33|628098666|0|1598171|3832946711|826276761|815350090|196406716|186405848|0|0|1|200417280|0|||0|0|124424487.826|71473768.128|19262563.115|7749|0|0|0|
2943|1662811657.781917|2022-09-10 14:07:37.781917+02|16384|test|33|628165844|0|1598685|3833689152|826411356|815484650|196473890|186473022|0|0|1|200417280|0|||0|0|124456506.066|71494273.478|19269520.253|7751|0|0|0|
2944|1662811658.797088|2022-09-10 14:07:38.797088+02|16384|test|33|628224799|0|1599132|3834340297|826529512|815602764|196532841|186531973|0|0|1|200417280|0|||0|0|124488528.604|71515660.262|19275935.962|7753|0|0|0|
2945|1662811659.811850|2022-09-10 14:07:39.81185+02|16384|test|33|628288633|0|1599616|3835045032|826657413|815730636|196596671|186595803|0|0|1|200417280|0|||0|0|124520544.504|71536644.853|19282585.594|7755|0|0|0|
2946|1662811660.826819|2022-09-10 14:07:40.826819+02|16384|test|33|628355968|0|1599818|3835787563|826792316|815865510|196664002|186663134|0|0|1|200417280|0|||0|0|124552561.499|71557170.296|19289516.102|7757|0|0|0|
2947|1662811661.842133|2022-09-10 14:07:41.842133+02|16384|test|33|628423107|0|1600264|3836528786|826926842|815999992|196731137|186730269|0|0|1|200417280|0|||0|0|124584578.679|71577729.067|19296431.541|7759|0|0|0|
2948|1662811662.857735|2022-09-10 14:07:42.857735+02|16384|test|34|628489648|0|1600668|3837267441|827060891|816133278|196797674|186796806|0|0|1|200417280|0|||0|0|124616594.884|71598231.349|19303404.152|7761|0|0|0|
2949|1662811663.873072|2022-09-10 14:07:43.873072+02|16384|test|34|628547709|0|1601136|3837911179|827177853|816249988|196855731|186854863|0|0|1|200417280|0|||0|0|124648613.907|71619817.806|19309654.583|7763|0|0|0|
2950|1662811664.888389|2022-09-10 14:07:44.888389+02|16384|test|34|628603697|0|1601418|3838528860|827290066|816362168|196911715|186910847|0|0|1|200417280|0|||0|0|124680630.522|71641877.228|19315621.787|7765|0|0|0|
2951|1662811665.903751|2022-09-10 14:07:45.903751+02|16384|test|34|628668376|0|1601826|3839243177|827419678|816491730|196976390|186975522|0|0|1|200417280|0|||0|0|124712648.307|71662971.206|19322126.235|7767|0|0|0|
2952|1662811666.919526|2022-09-10 14:07:46.919526+02|16384|test|34|628732860|0|1602376|3839955729|827548889|816620902|197040870|187040002|0|0|1|200417280|0|||0|0|124744663.39|71684091.45|19328612.931|7769|0|0|0|
2953|1662811667.935327|2022-09-10 14:07:47.935327+02|16384|test|34|628797316|0|1602680|3840666948|827678044|816750018|197105322|187104454|0|0|1|200417280|0|||0|0|124776681.512|71705246.033|19335071.736|7771|0|0|0|
2954|1662811668.950216|2022-09-10 14:07:48.950216+02|16384|test|34|628860844|0|1603064|3841368020|827805342|816877278|197168846|187167978|0|0|1|200417280|0|||0|0|124808759.902|71726212.306|19341732.077|7773|0|0|0|
2955|1662811669.964891|2022-09-10 14:07:49.964891+02|16384|test|34|628900355|0|1603407|3841804483|827884595|816956504|197208353|187207485|0|0|1|200417280|0|||0|0|124840780.862|71749830.11|19346856.333|7775|0|0|0|
2956|1662811670.980244|2022-09-10 14:07:50.980244+02|16384|test|34|628959469|0|1603671|3842456813|828003067|817074936|197267463|187266595|0|0|1|200417280|0|||0|0|124872800.007|71771491.414|19353062.07|7777|0|0|0|
2957|1662811671.996333|2022-09-10 14:07:51.996333+02|16384|test|34|629023894|0|1604204|3843168892|828132157|817203990|197331884|187331016|0|0|1|200417280|0|||0|0|124904818.612|71792579.195|19359585.673|7779|0|0|0|
2958|1662811673.011705|2022-09-10 14:07:53.011705+02|16384|test|34|629088834|0|1604508|3843885449|828262276|817334074|197396820|187395952|0|0|1|200417280|0|||0|0|124936834.976|71813496.945|19366236.163|7781|0|0|0|
2959|1662811674.026192|2022-09-10 14:07:54.026192+02|16384|test|34|629153814|0|1604878|3844603399|828392479|817464238|197461796|187460928|0|0|1|200417280|0|||0|0|124968868.463|71834374.985|19372926.347|7783|0|0|0|
2960|1662811675.041348|2022-09-10 14:07:55.041348+02|16384|test|34|629193892|0|1605362|3845046146|828472862|817544598|197501870|187501002|0|0|1|200417280|0|||0|0|125000890.863|71857651.056|19378327.228|7785|0|0|0|
2961|1662811676.057058|2022-09-10 14:07:56.057058+02|16384|test|34|629255651|0|1605544|3845727282|828596620|817668320|197563625|187562757|0|0|1|200417280|0|||0|0|125032908.862|71878898.182|19384790.366|7787|0|0|0|
2962|1662811677.072682|2022-09-10 14:07:57.072682+02|16384|test|34|629320292|0|1606110|3846441086|828726154|817797806|197628262|187627394|0|0|1|200417280|0|||0|0|125064925.822|71899811.173|19391460.759|7789|0|0|0|
2963|1662811678.088323|2022-09-10 14:07:58.088323+02|16384|test|34|629384924|0|1606576|3847154699|828855651|817927274|197692890|187692022|0|0|1|200417280|0|||0|0|125096941.252|71920818.954|19398043.144|7791|0|0|0|
2964|1662811679.103356|2022-09-10 14:07:59.103356+02|16384|test|34|629449556|0|1606778|3847867484|828985155|818056742|197757518|187756650|0|0|1|200417280|0|||0|0|125128957.835|71941716.335|19404715.781|7793|0|0|0|
2965|1662811680.118464|2022-09-10 14:08:00.118464+02|16384|test|34|629490731|0|1607082|3848322306|829067743|818139296|197798689|187797821|0|0|1|200417280|0|||0|0|125160978.624|71965014.525|19410048.135|7795|0|0|0|
2966|1662811681.133808|2022-09-10 14:08:01.133808+02|16384|test|34|629554619|0|1607571|3849028199|829195760|818267276|197862573|187861705|0|0|1|200417280|0|||0|0|125192997.857|71986049.58|19416625.344|7797|0|0|0|
2967|1662811682.149286|2022-09-10 14:08:02.149286+02|16384|test|34|629619143|0|1608085|3849740148|829325044|818396528|197927093|187926225|0|0|1|200417280|0|||0|0|125225013.671|72006961.208|19423293.404|7799|0|0|0|
2968|1662811683.164745|2022-09-10 14:08:03.164745+02|16384|test|34|629683874|0|1608270|3850454234|829454733|818526194|197991820|187990952|0|0|1|200417280|0|||0|0|125257030.317|72027863.296|19429963.64|7801|0|0|0|
2969|1662811684.179693|2022-09-10 14:08:04.179693+02|16384|test|34|629748619|0|1608714|3851168792|829584475|818655888|198056561|188055693|0|0|1|200417280|0|||0|0|125289046.485|72048816.924|19436591.139|7803|0|0|0|
2970|1662811685.194421|2022-09-10 14:08:05.194421+02|16384|test|34|629790968|0|1609238|3851636726|829669402|818740790|198098906|188098038|0|0|1|200417280|0|||0|0|125321066.519|72071999.572|19441943.795|7805|0|0|0|
2971|1662811686.209835|2022-09-10 14:08:06.209835+02|16384|test|34|629853554|0|1609342|3852327077|829794812|818866166|198161488|188160620|0|0|1|200417280|0|||0|0|125353084.027|72093181.131|19448430.172|7807|0|0|0|
2972|1662811687.225298|2022-09-10 14:08:07.225298+02|16384|test|34|629918026|0|1609826|3853038599|829923995|818995314|198225956|188225088|0|0|1|200417280|0|||0|0|125385102.51|72114197.757|19455008.613|7809|0|0|0|
2973|1662811688.240466|2022-09-10 14:08:08.240466+02|16384|test|34|629982805|0|1610233|3853753695|830053795|819125076|198290731|188289863|0|0|1|200417280|0|||0|0|125417116.611|72135114.946|19461659.673|7811|0|0|0|
2974|1662811689.255836|2022-09-10 14:08:09.255836+02|16384|test|34|630047276|0|1610657|3854465184|830182970|819254222|198355198|188354330|0|0|1|200417280|0|||0|0|125449134.188|72156106.32|19468267.271|7813|0|0|0|
2975|1662811690.270915|2022-09-10 14:08:10.270915+02|16384|test|34|630091037|0|1610899|3854939992|830268008|819339234|198398955|188398087|0|0|1|200417280|0|||0|0|125481155.227|72179208.031|19473641.974|7815|0|0|0|
2976|1662811691.285485|2022-09-10 14:08:11.285485+02|16384|test|34|630152526|0|1611264|3855627063|830393942|819465130|198460440|188459572|0|0|1|200417280|0|||0|0|125513170.24|72200414.99|19480158.73|7817|0|0|0|
2977|1662811692.300699|2022-09-10 14:08:12.300699+02|16384|test|34|630217421|0|1611793|3856343738|830523975|819595124|198525331|188524463|0|0|1|200417280|0|||0|0|125545188.743|72221354.4|19486794.08|7819|0|0|0|
2978|1662811693.315302|2022-09-10 14:08:13.315302+02|16384|test|34|630282364|0|1612160|3857060637|830654100|819725214|198590270|188589402|0|0|1|200417280|0|||0|0|125577203.134|72242213.029|19493482.22|7821|0|0|0|
2979|1662811694.329944|2022-09-10 14:08:14.329944+02|16384|test|34|630346834|0|1612810|3857772841|830783287|819854358|198654736|188653868|0|0|1|200417280|0|||0|0|125609217.963|72263161.389|19500122.392|7823|0|0|0|
2980|1662811695.345008|2022-09-10 14:08:15.345008+02|16384|test|34|630392034|0|1612810|3858271078|830873919|819944962|198699932|188699064|0|0|1|200417280|0|||0|0|125641236.957|72285967.638|19505702.664|7825|0|0|0|
2981|1662811696.360477|2022-09-10 14:08:16.360477+02|16384|test|34|630452210|0|1613238|3858935711|830994508|820065518|198760104|188759236|0|0|1|200417280|0|||0|0|125673253.635|72307393.269|19512066.167|7827|0|0|0|
2982|1662811697.375477|2022-09-10 14:08:17.375477+02|16384|test|34|630516905|0|1613802|3859649874|831124152|820195112|198824795|188823927|0|0|1|200417280|0|||0|0|125705269.74|72328347.597|19518698.409|7829|0|0|0|
2983|1662811698.389563|2022-09-10 14:08:18.389563+02|16384|test|34|630581640|0|1614147|3860363984|831253877|820324786|198889526|188888658|0|0|1|200417280|0|||0|0|125737287.496|72349216.126|19525401.089|7831|0|0|0|
2984|1662811699.404255|2022-09-10 14:08:19.404255+02|16384|test|34|630646029|0|1614518|3861075147|831382890|820453768|198953911|188953043|0|0|1|200417280|0|||0|0|125769301.644|72370168.171|19532039.915|7833|0|0|0|
2985|1662811700.419013|2022-09-10 14:08:20.419013+02|16384|test|34|630704019|0|1615265|3861715391|831499108|820569952|199011897|189011029|0|0|1|200417280|0|||0|0|125808327.228|72397870.895|19538882.792|7835|0|0|0|
2986|1662811701.434897|2022-09-10 14:08:21.434897+02|16384|test|34|630812268|0|1615475|3862909319|831715870|820786654|199120142|189119274|0|0|1|200417280|0|||0|0|125864349.614|72435036.238|19550216.557|7837|0|0|0|
2987|1662811702.449952|2022-09-10 14:08:22.449952+02|16384|test|34|630876967|0|1615919|3863623261|831845500|820916256|199184837|189183969|0|0|1|200417280|0|||0|0|125896364.404|72455901.587|19556917.723|7839|0|0|0|
2988|1662811703.466102|2022-09-10 14:08:23.466102+02|16384|test|34|630941611|0|1616426|3864336993|831975020|821045748|199249477|189248609|0|0|1|200417280|0|||0|0|125928381.229|72476877.494|19563537.914|7841|0|0|0|
2989|1662811704.481232|2022-09-10 14:08:24.481232+02|16384|test|34|630990348|0|1616791|3864875198|832072722|821143426|199298210|189297342|0|0|1|200417280|0|||0|0|125961406.727|72500312.974|19569342.441|7843|0|0|0|
2990|1662811705.496242|2022-09-10 14:08:25.496242+02|16384|test|34|631046787|0|1617136|3865489498|832185843|821256508|199352860|189352058|0|0|1|200417280|0|||0|0|125993422.567|72522214.407|19575445.234|7845|0|0|0|
2991|1662811706.511765|2022-09-10 14:08:26.511765+02|16384|test|34|631111847|0|1617384|3866216457|832316204|821386832|199419701|189418833|0|0|1|200417280|0|||0|0|126025438.985|72543149.85|19582078.429|7847|0|0|0|
2992|1662811707.526960|2022-09-10 14:08:27.52696+02|16384|test|34|631176901|0|1617831|3866934587|832446550|821517144|199484751|189483883|0|0|1|200417280|0|||0|0|126057453.704|72564217.722|19588607.966|7849|0|0|0|
2993|1662811708.541695|2022-09-10 14:08:28.541695+02|16384|test|34|631241729|0|1618318|3867650164|832576457|821647004|199549575|189548707|0|0|1|200417280|0|||0|0|126089468.635|72585306.281|19595131.013|7851|0|0|0|
2994|1662811709.557265|2022-09-10 14:08:29.557265+02|16384|test|34|631289342|0|1618644|3868175907|832671920|821742434|199597184|189596316|0|0|1|200417280|0|||0|0|126121491.9|72607879.241|19600835.924|7853|0|0|0|
2995|1662811710.571951|2022-09-10 14:08:30.571951+02|16384|test|34|631340301|0|1618910|3868738426|832774072|821844556|199648139|189647271|0|0|1|200417280|0|||0|0|126153507.401|72630593.428|19606419.873|7855|0|0|0|
2996|1662811711.587408|2022-09-10 14:08:31.587408+02|16384|test|34|631405579|0|1619278|3869459257|832904874|821975316|199713413|189712545|0|0|1|200417280|0|||0|0|126185524.481|72651722.149|19612901.619|7857|0|0|0|
2997|1662811712.602705|2022-09-10 14:08:32.602705+02|16384|test|34|631470644|0|1619692|3870178300|833035245|822105650|199778474|189777606|0|0|1|200417280|0|||0|0|126217539.65|72672857.984|19619374.436|7859|0|0|0|
2998|1662811713.617862|2022-09-10 14:08:33.617862+02|16384|test|34|631535708|0|1620080|3870896775|833165598|822235982|199843534|189842666|0|0|1|200417280|0|||0|0|126249554.823|72693962.388|19625885.317|7861|0|0|0|
2999|1662811714.633474|2022-09-10 14:08:34.633474+02|16384|test|34|631583530|0|1620604|3871424931|833261468|822331830|199891352|189890484|0|0|1|200417280|0|||0|0|126281581.718|72716604.32|19631535.599|7863|0|0|0|
3000|1662811715.648747|2022-09-10 14:08:35.648747+02|16384|test|34|631625690|0|1620946|3871890272|833346011|822416354|199933508|189932640|0|0|1|200417280|0|||0|0|126313596.601|72740576.372|19636358.458|7865|0|0|0|
3001|1662811716.663725|2022-09-10 14:08:36.663725+02|16384|test|34|631689204|0|1621090|3872590893|833473268|822543586|199997018|189996150|0|0|1|200417280|0|||0|0|126345610.734|72762004.991|19642653.482|7867|0|0|0|
3002|1662811717.678645|2022-09-10 14:08:37.678645+02|16384|test|34|631754536|0|1621496|3873312054|833604171|822674454|200062346|190061478|0|0|1|200417280|0|||0|0|126377627.673|72783135.018|19649129.843|7869|0|0|0|
3003|1662811718.694632|2022-09-10 14:08:38.694632+02|16384|test|34|631817739|0|1621841|3874009778|833730808|822801064|200125545|190124677|0|0|1|200417280|0|||0|0|126408642.699|72803621.451|19655395.528|7871|0|0|0|
3004|1662811719.709618|2022-09-10 14:08:39.709618+02|16384|test|34|631869024|0|1622264|3874575740|833833608|822903838|200176826|190175958|0|0|1|200417280|0|||0|0|126441663.939|72826766.547|19661353.304|7873|0|0|0|
3005|1662811720.723795|2022-09-10 14:08:40.723795+02|16384|test|34|631908330|0|1622606|3875009696|833912446|822982654|200216128|190215260|0|0|1|200417280|0|||0|0|126472679.104|72850108.231|19665995.846|7875|0|0|0|
3006|1662811721.739076|2022-09-10 14:08:41.739076+02|16384|test|34|631974915|0|1622992|3875744628|834045842|823116028|200282709|190281841|0|0|1|200417280|0|||0|0|126505696.264|72871976.892|19672632.228|7877|0|0|0|
3007|1662811722.754569|2022-09-10 14:08:42.754569+02|16384|test|34|632039441|0|1623425|3876491357|834176864|823245439|200347227|190346363|0|0|1|200417280|0|||0|0|126537714.3|72893002.789|19679224.274|7879|0|0|0|
3008|1662811723.769817|2022-09-10 14:08:43.769817+02|16384|test|34|632104297|0|1623854|3877212803|834307924|823375739|200412079|190411215|0|0|1|200417280|0|||0|0|126569729.999|72914145.603|19685696.269|7881|0|0|0|
3009|1662811724.784879|2022-09-10 14:08:44.784879+02|16384|test|34|632154994|0|1624298|3877772660|834409558|823477337|200462772|190461908|0|0|1|200417280|0|||0|0|126601752.336|72936331.946|19691669.69|7883|0|0|0|
3010|1662811725.799004|2022-09-10 14:08:45.799004+02|16384|test|34|632197358|0|1624500|3878240175|834494509|823562269|200505132|190504268|0|0|1|200417280|0|||0|0|126633768.443|72960199.088|19696578.551|7885|0|0|0|
3011|1662811726.814538|2022-09-10 14:08:46.814538+02|16384|test|34|632262410|0|1624942|3878957790|834624851|823692577|200570180|190569316|0|0|1|200417280|0|||0|0|126665785.323|72981397.506|19703009.291|7887|0|0|0|
3012|1662811727.829731|2022-09-10 14:08:47.829731+02|16384|test|34|632327706|0|1625166|3879678192|834755675|823823373|200635472|190634608|0|0|1|200417280|0|||0|0|126697802.725|73002503.978|19709509.89|7889|0|0|0|
3013|1662811728.845782|2022-09-10 14:08:48.845782+02|16384|test|34|632393000|0|1625690|3880398828|834886501|823954165|200700762|190699898|0|0|1|200417280|0|||0|0|126729820.088|73023604.284|19716020.635|7891|0|0|0|
3014|1662811729.860601|2022-09-10 14:08:49.860601+02|16384|test|34|632445080|0|1625912|3880973369|834990898|824058529|200752838|190751974|0|0|1|200417280|0|||0|0|126761844.162|73045659.497|19722042.795|7893|0|0|0|
3015|1662811730.875255|2022-09-10 14:08:50.875255+02|16384|test|34|632485984|0|1626158|3881425392|835072933|824140541|200793738|190792874|0|0|1|200417280|0|||0|0|126793863.862|73069640.27|19726901.718|7895|0|0|0|
3016|1662811731.891244|2022-09-10 14:08:51.891244+02|16384|test|34|632549767|0|1626670|3882130089|835200742|824268311|200857517|190856653|0|0|1|200417280|0|||0|0|126825881.718|73090986.946|19733240.608|7897|0|0|0|
3017|1662811732.906021|2022-09-10 14:08:52.906021+02|16384|test|34|632614901|0|1627018|3882849046|835331247|824398783|200922647|190921783|0|0|1|200417280|0|||0|0|126857898.227|73112217.653|19739642.765|7899|0|0|0|
3018|1662811733.921382|2022-09-10 14:08:53.921382+02|16384|test|34|632680158|0|1627489|3883569955|835462003|824529501|200987900|190987036|0|0|1|200417280|0|||0|0|126889914.143|73133327.35|19746137.006|7901|0|0|0|
3019|1662811734.935993|2022-09-10 14:08:54.935993+02|16384|test|34|632734075|0|1627772|3884165066|835570080|824637539|201041813|191040949|0|0|1|200417280|0|||0|0|126921936.626|73155088.653|19752283.372|7903|0|0|0|
3020|1662811735.950611|2022-09-10 14:08:55.950611+02|16384|test|34|632775835|0|1628139|3884626582|835653825|824721263|201083569|191082705|0|0|1|200417280|0|||0|0|126953963.143|73179027.14|19757167.054|7905|0|0|0|
3021|1662811736.966174|2022-09-10 14:08:56.966174+02|16384|test|34|632839806|0|1628487|3885332903|835781993|824849409|201147536|191146672|0|0|1|200417280|0|||0|0|126985980.099|73200362.832|19763507.83|7907|0|0|0|
3022|1662811737.982088|2022-09-10 14:08:57.982088+02|16384|test|34|632905004|0|1628851|3886052421|835912643|824980009|201212730|191211866|0|0|1|200417280|0|||0|0|127017996.806|73221484.464|19770005.969|7909|0|0|0|
3023|1662811738.996876|2022-09-10 14:08:58.996876+02|16384|test|34|632970110|0|1629395|3886756799|836038988|825106317|201275743|191276968|0|0|1|200417280|0|||0|0|127050011.585|73242676.398|19776440.843|7911|0|0|0|
3024|1662811740.011288|2022-09-10 14:09:00.011288+02|16384|test|34|633025346|0|1629741|3887380942|836153804|825221101|201333064|191332200|0|0|1|200417280|0|||0|0|127082031.777|73264603.965|19782435.132|7913|0|0|0|
3025|1662811741.026175|2022-09-10 14:09:01.026175+02|16384|test|34|633066541|0|1630145|3887835992|836236417|825303695|201374255|191373391|0|0|1|200417280|0|||0|0|127114052.957|73288574.018|19787306.57|7915|0|0|0|
3026|1662811742.041909|2022-09-10 14:09:02.041909+02|16384|test|34|633129694|0|1630287|3888532406|836362968|825430205|201437404|191436540|0|0|1|200417280|0|||0|0|127146068.927|73309922.718|19793664.576|7917|0|0|0|
3027|1662811743.057513|2022-09-10 14:09:03.057513+02|16384|test|34|633194825|0|1630793|3889251490|836493486|825560671|201502531|191501667|0|0|1|200417280|0|||0|0|127178090.031|73331083.346|19800127.504|7919|0|0|0|
3028|1662811744.073404|2022-09-10 14:09:04.073404+02|16384|test|34|633260007|0|1631199|3889971115|836624096|825691239|201567709|191566845|0|0|1|200417280|0|||0|0|127210105.851|73352294.969|19806546.226|7921|0|0|0|
3029|1662811745.088707|2022-09-10 14:09:05.088707+02|16384|test|34|633314011|0|1631521|3890565102|836732335|825799451|201619904|191620845|0|0|1|200417280|0|||0|0|127240889.42|73373049.693|19812556.063|7923|0|0|0|
3030|1662811746.103966|2022-09-10 14:09:06.103966+02|16384|test|34|633354791|0|1631824|3890998245|836811599|825878699|201661205|191659059|0|0|1|200417280|0|||0|0|127271970.909|73396173.592|19817366.354|7925|0|0|0|
3031|1662811747.119167|2022-09-10 14:09:07.119167+02|16384|test|34|633420782|0|1632126|3891727643|836946334|826013401|201726562|191723702|0|0|1|200417280|0|||0|0|127306988.009|73419962.495|19824059.224|7927|0|0|0|
3032|1662811748.134819|2022-09-10 14:09:08.134819+02|16384|test|34|633483681|0|1632730|3892425247|837068266|826135305|201789358|191790503|0|0|1|200417280|0|||0|0|127338003.218|73440483.364|19830315.432|7929|0|0|0|
3033|1662811749.149565|2022-09-10 14:09:09.149565+02|16384|test|34|633550128|0|1633232|3893172678|837205499|826272501|201857810|191856946|0|0|1|200417280|0|||0|0|127371020.63|73462395.622|19836938.994|7931|0|0|0|
3034|1662811750.164712|2022-09-10 14:09:10.164712+02|16384|test|34|633607013|0|1633674|3893800346|837319497|826386475|201914691|191913827|0|0|1|200417280|0|||0|0|127403052.012|73483863.148|19843317.653|7933|0|0|0|
3035|1662811751.179392|2022-09-10 14:09:11.179392+02|16384|test|34|633652756|0|1633674|3894296052|837408375|826475331|201960430|191959566|0|0|1|200417280|0|||0|0|127435069.747|73507214.463|19848552.537|7935|0|0|0|
3036|1662811752.194854|2022-09-10 14:09:12.194854+02|16384|test|34|633717447|0|1634188|3895004257|837536823|826603741|202023112|192024253|0|0|1|200417280|0|||0|0|127467086.611|73528498.767|19854937.059|7937|0|0|0|
3037|1662811753.210322|2022-09-10 14:09:13.210322+02|16384|test|34|633781656|0|1634702|3895726725|837669480|826736373|202089322|192088458|0|0|1|200417280|0|||0|0|127499102.235|73549779.6|19861333.147|7939|0|0|0|
3038|1662811754.226213|2022-09-10 14:09:14.226213+02|16384|test|34|633845821|0|1635216|3896434671|837798047|826864907|202153483|192152619|0|0|1|200417280|0|||0|0|127531120.174|73571075.09|19867726.067|7941|0|0|0|
3039|1662811755.241756|2022-09-10 14:09:15.241756+02|16384|test|34|633900488|0|1635216|3897022613|837903993|826970831|202204472|192207282|0|0|1|200417280|0|||0|0|127561333.366|73591521.218|19873556.659|7943|0|0|0|
3040|1662811756.256850|2022-09-10 14:09:16.25685+02|16384|test|34|633956055|0|1635731|3897648707|838018983|827085783|202261995|192262845|0|0|1|200417280|0|||0|0|127594360.257|73614728.18|19879440.077|7945|0|0|0|
3041|1662811757.272557|2022-09-10 14:09:17.272557+02|16384|test|34|634020111|0|1636245|3898357468|838147325|827214099|202327761|192326897|0|0|1|200417280|0|||0|0|127626375.002|73636135.496|19885742.612|7947|0|0|0|
3042|1662811758.288206|2022-09-10 14:09:18.288206+02|16384|test|34|634086792|0|1636467|3899092878|838280932|827347665|202394438|192393574|0|0|1|200417280|0|||0|0|127659393.022|73658042.547|19892355.97|7949|0|0|0|
3043|1662811759.303075|2022-09-10 14:09:19.303075+02|16384|test|34|634151537|0|1636849|3899807045|838410655|827477359|202459179|192458315|0|0|1|200417280|0|||0|0|127691406.996|73679304.762|19898745.61|7951|0|0|0|
3044|1662811760.318780|2022-09-10 14:09:20.31878+02|16384|test|34|634216019|0|1637291|3900518421|838539855|827606527|202523657|192522793|0|0|1|200417280|0|||0|0|127723422.194|73700618.868|19905105.172|7953|0|0|0|
3045|1662811761.333632|2022-09-10 14:09:21.333632+02|16384|test|34|634261849|0|1637693|3901024321|838631744|827698391|202569483|192568619|0|0|1|200417280|0|||0|0|127755438.491|73723405.986|19910744.456|7955|0|0|0|
3046|1662811762.349330|2022-09-10 14:09:22.34933+02|16384|test|34|634326798|0|1638077|3901741013|838761880|827828493|202634428|192633564|0|0|1|200417280|0|||0|0|127787454.345|73744626.686|19917169.647|7957|0|0|0|
3047|1662811763.364453|2022-09-10 14:09:23.364453+02|16384|test|34|634391380|0|1638499|3902453417|838891281|827957861|202699006|192698142|0|0|1|200417280|0|||0|0|127819473.277|73765904.354|19923553.852|7959|0|0|0|
3048|1662811764.379871|2022-09-10 14:09:24.379871+02|16384|test|34|634455658|0|1639195|3903163054|839020067|828086621|202763280|192762416|0|0|1|200417280|0|||0|0|127851489.283|73787148.941|19929982.334|7961|0|0|0|
3049|1662811765.395099|2022-09-10 14:09:25.395099+02|16384|test|34|634520721|0|1639195|3903880074|839150432|828216951|202828339|192827475|0|0|1|200417280|0|||0|0|127883504.248|73808322.298|19936441.065|7963|0|0|0|
3050|1662811766.409842|2022-09-10 14:09:26.409842+02|16384|test|34|634566749|0|1639477|3904388017|839242716|828309211|202874363|192873499|0|0|1|200417280|0|||0|0|127915521.107|73831641.568|19941693.39|7965|0|0|0|
3051|1662811767.425583|2022-09-10 14:09:27.425583+02|16384|test|34|634631126|0|1640102|3905098728|839371704|828438169|202938736|192937872|0|0|1|200417280|0|||0|0|127947537.115|73852899.953|19948099.082|7967|0|0|0|
3052|1662811768.441165|2022-09-10 14:09:28.441165+02|16384|test|34|634695743|0|1640564|3905809554|839501170|828567607|203001358|193002485|0|0|1|200417280|0|||0|0|127979553.092|73874086.566|19954564.091|7969|0|0|0|
3053|1662811769.455947|2022-09-10 14:09:29.455947+02|16384|test|34|634760066|0|1641078|3906521272|839630047|828696457|203067668|193066804|0|0|1|200417280|0|||0|0|128011568.943|73895344.23|19960972.342|7971|0|0|0|
3054|1662811770.471311|2022-09-10 14:09:30.471311+02|16384|test|34|634824914|0|1641078|3907235906|839759974|828826357|203132512|193131648|0|0|1|200417280|0|||0|0|128043585.727|73916554.361|19967397.661|7973|0|0|0|
3055|1662811771.486265|2022-09-10 14:09:31.486265+02|16384|test|34|634933303|0|1642054|3908431684|839977000|829043339|203240897|193240033|0|0|1|200417280|0|||0|0|128106610.652|73960103.086|19979047.775|7975|0|0|0|
3056|1662811772.501637|2022-09-10 14:09:32.501637+02|16384|test|34|635000162|0|1642568|3909169295|840110947|829177261|203307752|193306888|0|0|1|200417280|0|||0|0|128139626.895|73981924.877|19985725.906|7977|0|0|0|
3057|1662811773.516890|2022-09-10 14:09:33.51689+02|16384|test|34|635065076|0|1642930|3909885344|840241009|829307293|203372662|193371798|0|0|1|200417280|0|||0|0|128171641.11|74003108.821|19992181.667|7979|0|0|0|
3058|1662811774.532165|2022-09-10 14:09:34.532165+02|16384|test|34|635130105|0|1643092|3910602417|840371308|829437555|203437687|193436823|0|0|1|200417280|0|||0|0|128203656.846|74024224.921|19998687.671|7981|0|0|0|
3059|1662811775.547447|2022-09-10 14:09:35.547447+02|16384|test|34|635176161|0|1643738|3911111611|840463649|829529871|203483739|193482875|0|0|1|200417280|0|||0|0|128235678.834|74047700.353|20003872.653|7983|0|0|0|
3060|1662811776.562120|2022-09-10 14:09:36.56212+02|16384|test|34|635238566|0|1643738|3911797269|840588694|829654885|203544113|193545276|0|0|1|200417280|0|||0|0|128266694.888|74068283.979|20010076.855|7985|0|0|0|
3061|1662811777.577261|2022-09-10 14:09:37.577261+02|16384|test|34|635305140|0|1644221|3912534044|840722076|829788237|203612710|193611846|0|0|1|200417280|0|||0|0|128299713.422|74090211.345|20016680.076|7987|0|0|0|
3062|1662811778.592920|2022-09-10 14:09:38.59292+02|16384|test|34|635370036|0|1644745|3913250309|840852109|829918233|203677602|193676738|0|0|1|200417280|0|||0|0|128331730.392|74111373.712|20023160.001|7989|0|0|0|
3063|1662811779.608443|2022-09-10 14:09:39.608443+02|16384|test|34|635434604|0|1645047|3913962455|840981475|830047573|203742166|193741302|0|0|1|200417280|0|||0|0|128363746.285|74132590.235|20029599.844|7991|0|0|0|
3064|1662811780.623195|2022-09-10 14:09:40.623195+02|16384|test|34|635484127|0|1645529|3914509094|841080749|830146823|203791685|193790821|0|0|1|200417280|0|||0|0|128395770.93|74155123.723|20035275.577|7993|0|0|0|
3065|1662811781.638239|2022-09-10 14:09:41.638239+02|16384|test|34|635545101|0|1645771|3915181630|841202938|830268975|203852655|193851791|0|0|1|200417280|0|||0|0|128427787.138|74176756.345|20041468.722|7995|0|0|0|
3066|1662811782.653700|2022-09-10 14:09:42.6537+02|16384|test|34|635609596|0|1646335|3915928156|841333926|830398324|203917142|193916282|0|0|1|200417280|0|||0|0|128459804.384|74197810.32|20048035.245|7997|0|0|0|
3067|1662811783.668922|2022-09-10 14:09:43.668922+02|16384|test|34|635674292|0|1646620|3916645398|841464373|830528304|203981834|193980974|0|0|1|200417280|0|||0|0|128491821.17|74218908.675|20054549.43|7999|0|0|0|
3068|1662811784.683932|2022-09-10 14:09:44.683932+02|16384|test|34|635738817|0|1647134|3917357325|841593667|830657558|204046355|194045495|0|0|1|200417280|0|||0|0|128523838.025|74240057.455|20061045.261|8001|0|0|0|
3069|1662811785.699200|2022-09-10 14:09:45.6992+02|16384|test|34|635790714|0|1647648|3917930154|841697693|830761556|204098248|194097388|0|0|1|200417280|0|||0|0|128555860.21|74262273.009|20066978.75|8003|0|0|0|
3070|1662811786.714670|2022-09-10 14:09:46.71467+02|16384|test|34|635849453|0|1647648|3918577528|841815406|830879238|204156983|194156123|0|0|1|200417280|0|||0|0|128587878.755|74284105.82|20073070.955|8005|0|0|0|
3071|1662811787.729146|2022-09-10 14:09:47.729146+02|16384|test|34|635913877|0|1648162|3919286608|841944503|831008290|204219376|194220543|0|0|1|200417280|0|||0|0|128619893.34|74305330.438|20079501.172|8007|0|0|0|
3072|1662811788.744753|2022-09-10 14:09:48.744753+02|16384|test|34|635978019|0|1648677|3919996387|842073021|831136778|204285541|194284681|0|0|1|200417280|0|||0|0|128651909.38|74326551.629|20085944.357|8009|0|0|0|
3073|1662811789.759382|2022-09-10 14:09:49.759382+02|16384|test|34|636042487|0|1649099|3920707623|842202204|831265918|204350005|194349145|0|0|1|200417280|0|||0|0|128683924.478|74347738.962|20092409.021|8011|0|0|0|
3074|1662811790.775043|2022-09-10 14:09:50.775043+02|16384|test|34|636098378|0|1649263|3921324324|842314221|831377904|204405892|194405032|0|0|1|200417280|0|||0|0|128715950.857|74369513.466|20098530.494|8013|0|0|0|
3075|1662811791.790030|2022-09-10 14:09:51.79003+02|16384|test|34|636154540|0|1649729|3921944596|842426785|831490432|204462050|194461190|0|0|1|200417280|0|||0|0|128747967.01|74391650.107|20104448.012|8015|0|0|0|
3076|1662811792.805094|2022-09-10 14:09:52.805094+02|16384|test|34|636218974|0|1650071|3922643378|842551908|831615518|204526480|194525620|0|0|1|200417280|0|||0|0|128779984.704|74412858.811|20110897.684|8017|0|0|0|
3077|1662811793.820383|2022-09-10 14:09:53.820383+02|16384|test|34|636283700|0|1650535|3923369664|842685589|831749160|204591202|194590342|0|0|1|200417280|0|||0|0|128812004.217|74434025.762|20117365.532|8019|0|0|0|
3078|1662811794.836124|2022-09-10 14:09:54.836124+02|16384|test|34|636347961|0|1650877|3924078512|842814352|831877886|204655459|194654599|0|0|1|200417280|0|||0|0|128844020.127|74455269.766|20123785.464|8021|0|0|0|
3079|1662811795.851738|2022-09-10 14:09:55.851738+02|16384|test|34|636402828|0|1651199|3924667547|842924314|831987824|204708486|194705858|0|0|1|200417280|0|||0|0|128874153.142|74475394.621|20129745.172|8023|0|0|0|
3080|1662811796.867074|2022-09-10 14:09:56.867074+02|16384|test|34|636458674|0|1651713|3925293567|843036234|832099720|204766164|194763656|0|0|1|200417280|0|||0|0|128908175.508|74499344.703|20135802.119|8025|0|0|0|
3081|1662811797.881978|2022-09-10 14:09:57.881978+02|16384|test|34|636521731|0|1652228|3925984336|843158717|832222176|204829217|194828357|0|0|1|200417280|0|||0|0|128940189.233|74520838.184|20142065.203|8027|0|0|0|
3082|1662811798.897364|2022-09-10 14:09:58.897364+02|16384|test|34|636586314|0|1652430|3926694443|843288007|832351418|204891801|194892936|0|0|1|200417280|0|||0|0|128972206.795|74542079.124|20148480.372|8029|0|0|0|
3083|1662811799.913224|2022-09-10 14:09:59.913224+02|16384|test|34|636651101|0|1652776|3927411124|843421810|832485186|204954513|194955658|0|0|1|200417280|0|||0|0|129004226.072|74563264.353|20154935.995|8031|0|0|0|
3084|1662811800.928252|2022-09-10 14:10:00.928252+02|16384|test|34|636715800|0|1653208|3928138234|843551441|832614788|205023274|195022414|0|0|1|200417280|0|||0|0|129036258.378|74584393.083|20161448.893|8033|0|0|0|
3085|1662811801.943849|2022-09-10 14:10:01.943849+02|16384|test|34|636764257|0|1653512|3928673143|843648591|832711906|205071727|195070867|0|0|1|200417280|0|||0|0|129068275.466|74606897.364|20167162.851|8035|0|0|0|
3086|1662811802.958708|2022-09-10 14:10:02.958708+02|16384|test|34|636826982|0|1653958|3929365936|843774274|832837560|205134448|195133588|0|0|1|200417280|0|||0|0|129099290.701|74627410.008|20173420.898|8037|0|0|0|
3087|1662811803.973857|2022-09-10 14:10:03.973857+02|16384|test|34|636893924|0|1654304|3930104553|843908394|832971648|205201386|195200526|0|0|1|200417280|0|||0|0|129132306.78|74649198.511|20180121.045|8039|0|0|0|
3088|1662811804.989504|2022-09-10 14:10:04.989504+02|16384|test|34|636958670|0|1654892|3930811623|844038127|833101344|205266128|195263236|0|0|1|200417280|0|||0|0|129164322.38|74670393.55|20186564.817|8041|0|0|0|
3089|1662811806.004030|2022-09-10 14:10:06.00403+02|16384|test|34|637023431|0|1655296|3931534344|844167889|833231070|205330885|195330025|0|0|1|200417280|0|||0|0|129196339.327|74691620.084|20192988.89|8043|0|0|0|
3090|1662811807.018765|2022-09-10 14:10:07.018765+02|16384|test|34|637071421|0|1655598|3932063937|844264102|833327254|205378871|195378011|0|0|1|200417280|0|||0|0|129228357.287|74714240.526|20198680.181|8045|0|0|0|
3091|1662811808.033342|2022-09-10 14:10:08.033342+02|16384|test|34|637134021|0|1655864|3932754879|844389541|833452658|205441467|195440607|0|0|1|200417280|0|||0|0|129259373.138|74734818.23|20204890.187|8047|0|0|0|
3092|1662811809.048801|2022-09-10 14:10:09.048801+02|16384|test|34|637200724|0|1656309|3933491308|844523182|833586268|205508166|195507306|0|0|1|200417280|0|||0|0|129292389.394|74756680.382|20211538.201|8049|0|0|0|
3093|1662811810.063504|2022-09-10 14:10:10.063504+02|16384|test|34|637265394|0|1656717|3934205437|844652749|833715812|205572832|195571972|0|0|1|200417280|0|||0|0|129324404.187|74777772.379|20218061.819|8051|0|0|0|
3094|1662811811.078709|2022-09-10 14:10:11.078709+02|16384|test|34|637329705|0|1657085|3934915401|844781605|833844638|205637139|195636279|0|0|1|200417280|0|||0|0|129356420.058|74798997.672|20224475.226|8053|0|0|0|
3095|1662811812.093967|2022-09-10 14:10:12.093967+02|16384|test|34|637373826|0|1657569|3935401432|844870075|833933084|205679868|195680396|0|0|1|200417280|0|||0|0|129388436.137|74822819.771|20229329.446|8055|0|0|0|
3096|1662811813.109761|2022-09-10 14:10:13.109761+02|16384|test|34|637439054|0|1657913|3936122550|845000765|834063744|205746480|195745620|0|0|1|200417280|0|||0|0|129420453.741|74844008.218|20235767.558|8057|0|0|0|
3097|1662811814.125265|2022-09-10 14:10:14.125265+02|16384|test|34|637505492|0|1658215|3936853217|845133875|834196824|205810880|195812054|0|0|1|200417280|0|||0|0|129452471.041|74864511.564|20242740.587|8059|0|0|0|
3098|1662811815.141277|2022-09-10 14:10:15.141277+02|16384|test|34|637570958|0|1658763|3937578490|845265046|834327960|205878376|195877516|0|0|1|200417280|0|||0|0|129484485.834|74885316.345|20249480.544|8061|0|0|0|
3099|1662811816.155942|2022-09-10 14:10:16.155942+02|16384|test|34|637636127|0|1659191|3938298177|845395624|834458502|205943541|195942681|0|0|1|200417280|0|||0|0|129516501.857|74906173.606|20256185.379|8063|0|0|0|
3100|1662811817.171423|2022-09-10 14:10:17.171423+02|16384|test|34|637686909|0|1659705|3938858811|845497414|834560270|205994319|195993459|0|0|1|200417280|0|||0|0|129548518.494|74928624.63|20261980.823|8065|0|0|0|
3101|1662811818.187186|2022-09-10 14:10:18.187186+02|16384|test|34|637752873|0|1659867|3939586182|845629570|834692402|206060279|196059419|0|0|1|200417280|0|||0|0|129580535.017|74949359.086|20268751.959|8067|0|0|0|
3102|1662811819.203071|2022-09-10 14:10:19.203071+02|16384|test|34|637818723|0|1660292|3940313217|845761504|834824306|206126125|196125265|0|0|1|200417280|0|||0|0|129612550.641|74970091.784|20275542.269|8069|0|0|0|
3103|1662811820.218690|2022-09-10 14:10:20.21869+02|16384|test|34|637884054|0|1660836|3941034335|845892407|834955172|206191452|196190592|0|0|1|200417280|0|||0|0|129644568.279|74990927.203|20282266.853|8071|0|0|0|
3104|1662811821.233894|2022-09-10 14:10:21.233894+02|16384|test|34|637949922|0|1661102|3941761392|846024381|835087112|206257316|196256456|0|0|1|200417280|0|||0|0|129676582.629|75011696.783|20289014.609|8073|0|0|0|
3105|1662811822.249237|2022-09-10 14:10:22.249237+02|16384|test|34|638002255|0|1661586|3942339303|846129268|835191982|206309645|196308785|0|0|1|200417280|0|||0|0|129708599.436|75033930.876|20294947.05|8075|0|0|0|
3106|1662811823.265104|2022-09-10 14:10:23.265104+02|16384|test|34|638068024|0|1661888|3943064659|846261035|835323724|206375410|196374550|0|0|1|200417280|0|||0|0|129740615.554|75054719.345|20301687.843|8077|0|0|0|
3107|1662811824.280058|2022-09-10 14:10:24.280058+02|16384|test|34|638133473|0|1662233|3943786926|846392176|835454826|206440855|196439995|0|0|1|200417280|0|||0|0|129772631.746|75075563.814|20308402.956|8079|0|0|0|
3108|1662811825.296064|2022-09-10 14:10:25.296064+02|16384|test|34|638198997|0|1662917|3944510268|846523454|835586078|206506375|196505515|0|0|1|200417280|0|||0|0|129804647.992|75096420.218|20315098.378|8081|0|0|0|
3109|1662811826.311980|2022-09-10 14:10:26.31198+02|16384|test|34|638264778|0|1663079|3945235703|846655242|835717844|206572152|196571292|0|0|1|200417280|0|||0|0|129836663.99|75117231.316|20321821.911|8083|0|0|0|
3110|1662811827.327652|2022-09-10 14:10:27.327652+02|16384|test|34|638318799|0|1663743|3945832325|846763508|835826090|206626169|196625309|0|0|1|200417280|0|||0|0|129868688.113|75139201.086|20327914.734|8085|0|0|0|
3111|1662811828.343443|2022-09-10 14:10:28.343443+02|16384|test|33|638380105|0|2056625|3948524719|846887399|835949064|206685439|196686609|0|0|1|200417280|0|||0|0|129899703.094|75159602.709|20334292.879|8087|0|0|0|
3112|1662811829.357682|2022-09-10 14:10:29.357682+02|16384|test|33|638448140|0|2056828|3949277867|847023986|836085626|206755496|196754640|0|0|1|200417280|0|||0|0|129932717.601|75180885.34|20341370.115|8089|0|0|0|
3113|1662811830.371885|2022-09-10 14:10:30.371885+02|16384|test|33|638515127|0|2057130|3950016929|847158195|836219804|206822479|196821623|0|0|1|200417280|0|||0|0|129964735.305|75201494.333|20348251.079|8091|0|0|0|
3114|1662811831.386519|2022-09-10 14:10:31.386519+02|16384|test|33|638582273|0|2057554|3950757857|847292715|836354300|206889621|196888765|0|0|1|200417280|0|||0|0|129996751.077|75222038.825|20355185.567|8093|0|0|0|
3115|1662811832.401365|2022-09-10 14:10:32.401365+02|16384|test|33|638639660|0|2058118|3951391452|847407717|836469278|206947004|196946148|0|0|1|200417280|0|||0|0|130028769.468|75243554.697|20361554.543|8095|0|0|0|
3116|1662811833.416686|2022-09-10 14:10:33.416686+02|16384|test|33|638702473|0|2058442|3952084549|847533581|836595108|207009813|197008957|0|0|1|200417280|0|||0|0|130060785.134|75264588.774|20368186.061|8097|0|0|0|
3117|1662811834.432122|2022-09-10 14:10:34.432122+02|16384|test|33|638769963|0|2058746|3952829101|847668796|836730292|207077299|197076443|0|0|1|200417280|0|||0|0|130092802.713|75285091.871|20375139.117|8099|0|0|0|
3118|1662811835.447723|2022-09-10 14:10:35.447723+02|16384|test|33|638837294|0|2059234|3953572600|847803684|836865158|207144626|197143770|0|0|1|200417280|0|||0|0|130124820.151|75305624.062|20382073.833|8101|0|0|0|
3119|1662811836.462442|2022-09-10 14:10:36.462442+02|16384|test|33|638904407|0|2059596|3954312869|847938145|836999588|207211735|197210879|0|0|1|200417280|0|||0|0|130156836.204|75326164.661|20389003.374|8103|0|0|0|
3120|1662811837.477095|2022-09-10 14:10:37.477095+02|16384|test|33|638964617|0|2060062|3954977681|848058800|837120212|207271941|197271085|0|0|1|200417280|0|||0|0|130188857.265|75347351.72|20395561.146|8105|0|0|0|
3121|1662811838.492626|2022-09-10 14:10:38.492626+02|16384|test|33|639025079|0|2060484|3955644724|848179958|837241340|207332399|197331543|0|0|1|200417280|0|||0|0|130220873.781|75368731.529|20401986.007|8107|0|0|0|
3122|1662811839.507948|2022-09-10 14:10:39.507948+02|16384|test|33|639157478|0|2061435|3957105887|848445013|837506342|207464794|197463938|0|0|1|200417280|0|||0|0|130283901.052|75409256.808|20415563.288|8109|0|0|0|
3123|1662811840.523604|2022-09-10 14:10:40.523604+02|16384|test|33|639224902|0|2061719|3957849726|848580098|837641394|207532214|197531358|0|0|1|200417280|0|||0|0|130315918.963|75429768.856|20422510.291|8111|0|0|0|
3124|1662811841.538351|2022-09-10 14:10:41.538351+02|16384|test|33|639288936|0|2062245|3958546810|848708394|837769666|207594233|197593418|0|0|1|200417280|0|||0|0|130348818.014|75451310.782|20429390|8113|0|0|0|
3125|1662811842.552929|2022-09-10 14:10:42.552929+02|16384|test|34|639348576|0|2062427|3959209094|848825412|837885944|207655880|197655024|0|0|1|200417280|0|||0|0|130381866.195|75473607.16|20435905.725|8115|0|0|0|
3126|1662811843.565254|2022-09-10 14:10:43.565254+02|16384|test|33|639412303|0|2072816|3959991883|848961065|838017695|207719597|197718751|0|0|1|200417280|0|||0|0|130412881.255|75493599.312|20442561.256|8117|0|0|0|
3127|1662811844.580839|2022-09-10 14:10:44.580839+02|16384|test|33|639481547|0|2073580|3960756977|849099919|838156398|207788837|197787991|0|0|1|200417280|0|||0|0|130445897.513|75514849.162|20449655.175|8119|0|0|0|
3128|1662811845.596252|2022-09-10 14:10:45.596252+02|16384|test|33|639549213|0|2073802|3961503312|849235527|838291934|207856499|197855653|0|0|1|200417280|0|||0|0|130477914.501|75535344.465|20456607.615|8121|0|0|0|
3129|1662811846.611156|2022-09-10 14:10:46.611156+02|16384|test|33|639616637|0|2074246|3962247383|849370636|838426986|207923919|197923073|0|0|1|200417280|0|||0|0|130509930.326|75555896.995|20463525.007|8123|0|0|0|
3130|1662811847.625766|2022-09-10 14:10:47.625766+02|16384|test|33|639670450|0|2074528|3962841066|849478511|838534816|207977728|197976882|0|0|1|200417280|0|||0|0|130541950.447|75577810.244|20469643.453|8125|0|0|0|
3131|1662811848.641667|2022-09-10 14:10:48.641667+02|16384|test|33|639737797|0|2074974|3963580190|849613475|838669714|208040781|198044225|0|0|1|200417280|0|||0|0|130573967.172|75598405.848|20476528.408|8127|0|0|0|
3132|1662811849.656782|2022-09-10 14:10:49.656782+02|16384|test|33|639805065|0|2075298|3964326848|849748271|838804454|208112335|198111489|0|0|1|200417280|0|||0|0|130605983.737|75619002.926|20483412.49|8129|0|0|0|
3133|1662811850.671272|2022-09-10 14:10:50.671272+02|16384|test|33|639872344|0|2075762|3965069320|849883080|838939216|208179610|198178764|0|0|1|200417280|0|||0|0|130637998.35|75639573.249|20490314.125|8131|0|0|0|
3134|1662811851.686888|2022-09-10 14:10:51.686888+02|16384|test|33|639939704|0|2076188|3965812899|850018057|839074140|208246966|198246120|0|0|1|200417280|0|||0|0|130670014.318|75660091.058|20497258.062|8133|0|0|0|
3135|1662811852.707494|2022-09-10 14:10:52.707494+02|16384|test|33|639993321|0|2076570|3966404571|850125533|839181578|208300579|198299733|0|0|1|200417280|0|||0|0|130702032.352|75682028.47|20503364.634|8135|0|0|0|
3136|1662811853.723661|2022-09-10 14:10:53.723661+02|16384|test|33|640058557|0|2077098|3967125132|850256255|839312254|208365811|198364965|0|0|1|200417280|0|||0|0|130733048.188|75701901.851|20510092.102|8137|0|0|0|
3137|1662811854.739265|2022-09-10 14:10:54.739265+02|16384|test|33|640128350|0|2077442|3967895219|850396103|839452044|208435600|198434754|0|0|1|200417280|0|||0|0|130766063.671|75723060.897|20517242.287|8139|0|0|0|
3138|1662811855.754295|2022-09-10 14:10:55.754295+02|16384|test|33|640191480|0|2077866|3968566423|850514100|839570006|208498726|198497880|0|0|1|200417280|0|||0|0|130796078.684|75742312.974|20523733.234|8141|0|0|0|
3139|1662811856.769077|2022-09-10 14:10:56.769077+02|16384|test|33|640260651|0|2078432|3969341237|850657113|839712968|208565850|198567047|0|0|1|200417280|0|||0|0|130829096.735|75763573.069|20530829.583|8143|0|0|0|
3140|1662811857.783771|2022-09-10 14:10:57.783771+02|16384|test|33|640315628|0|2078634|3969962017|850771392|839827212|208622866|198622020|0|0|1|200417280|0|||0|0|130862114.611|75786486.469|20536929.018|8145|0|0|0|
3141|1662811858.798654|2022-09-10 14:10:58.798654+02|16384|test|33|640380895|0|2078960|3970682747|850902177|839957950|208688129|198687283|0|0|1|200417280|0|||0|0|130893129.995|75806442.855|20543590.493|8147|0|0|0|
3142|1662811859.813771|2022-09-10 14:10:59.813771+02|16384|test|33|640450146|0|2079547|3971447389|851040947|840096656|208757376|198756530|0|0|1|200417280|0|||0|0|130926146.368|75827684.449|20550686.945|8149|0|0|0|
3143|1662811860.829024|2022-09-10 14:11:00.829024+02|16384|test|33|640517100|0|2080031|3972186338|851175109|840230768|208824326|198823480|0|0|1|200417280|0|||0|0|130958164.136|75848336.628|20557533.23|8151|0|0|0|
3144|1662811861.844660|2022-09-10 14:11:01.84466+02|16384|test|33|640582264|0|2080376|3972901456|851305690|840361300|208885333|198888640|0|0|1|200417280|0|||0|0|130989180.089|75868289.627|20564206.038|8153|0|0|0|
3145|1662811862.860049|2022-09-10 14:11:02.860049+02|16384|test|33|640637057|0|2081061|3973509270|851415522|840471090|208942620|198943429|0|0|1|200417280|0|||0|0|131022194.765|75891024.886|20570424.726|8155|0|0|0|
3146|1662811863.875621|2022-09-10 14:11:03.875621+02|16384|test|33|640704573|0|2081061|3974255036|851550814|840606326|209011787|199010941|0|0|1|200417280|0|||0|0|131054212.055|75911530.684|20577368.003|8157|0|0|0|
3147|1662811864.890756|2022-09-10 14:11:04.890756+02|16384|test|33|640769536|0|2081527|3974959603|851676794|840732268|209076746|199075900|0|0|1|200417280|0|||0|0|131085230.236|75931487.111|20584048.553|8159|0|0|0|
3148|1662811865.906132|2022-09-10 14:11:05.906132+02|16384|test|33|640838881|0|2081973|3975737694|851819922|840875350|209146087|199145241|0|0|1|200417280|0|||0|0|131118248.41|75952689.09|20591179.398|8161|0|0|0|
3149|1662811866.921742|2022-09-10 14:11:06.921742+02|16384|test|33|640901897|0|2082399|3976420575|851941925|840997306|209209099|199208253|0|0|1|200417280|0|||0|0|131148262.466|75971963.997|20597661.167|8163|0|0|0|
3150|1662811867.937295|2022-09-10 14:11:07.937295+02|16384|test|33|640960405|0|2082702|3977068490|852059996|841115330|209267603|199266757|0|0|1|200417280|0|||0|0|131182285.764|75995081.718|20604286.775|8165|0|0|0|
3151|1662811868.952287|2022-09-10 14:11:08.952287+02|16384|test|33|641027286|0|2083209|3977805096|852193294|841248600|209334480|199333634|0|0|1|200417280|0|||0|0|131214301.321|76015725.169|20611137.454|8167|0|0|0|
3152|1662811869.967340|2022-09-10 14:11:09.96734+02|16384|test|33|641094390|0|2083775|3978558440|852331928|841387184|209401580|199400734|0|0|1|200417280|0|||0|0|131246316.208|76036337.679|20618014.15|8169|0|0|0|
3153|1662811870.982308|2022-09-10 14:11:10.982308+02|16384|test|33|641161947|0|2083981|3979303644|852467292|841522502|209469133|199468287|0|0|1|200417280|0|||0|0|131278332.381|76056849.244|20624954.429|8171|0|0|0|
3154|1662811871.997085|2022-09-10 14:11:11.997085+02|16384|test|33|641229256|0|2084589|3980047140|852602159|841657324|209536438|199535592|0|0|1|200417280|0|||0|0|131310347.691|76077395.704|20631875.404|8173|0|0|0|
3155|1662811873.012812|2022-09-10 14:11:13.012812+02|16384|test|33|641284962|0|2084873|3980653176|852713817|841768940|209590384|199589547|0|0|1|200417280|0|||0|0|131342369.164|76099225.043|20638051.363|8175|0|0|0|
3156|1662811874.028711|2022-09-10 14:11:14.028711+02|16384|test|33|641349406|0|2085175|3981372821|852842969|841898032|209656580|199655734|0|0|1|200417280|0|||0|0|131374386.02|76120152.312|20644729.492|8177|0|0|0|
3157|1662811875.044600|2022-09-10 14:11:15.0446+02|16384|test|33|641416680|0|2085703|3982115896|852977774|842032784|209723850|199723004|0|0|1|200417280|0|||0|0|131406402.677|76140739.622|20651615.802|8179|0|0|0|
3158|1662811876.059524|2022-09-10 14:11:16.059524+02|16384|test|33|641483782|0|2086087|3982856356|853112223|842167192|209790948|199790102|0|0|1|200417280|0|||0|0|131438418.129|76161292.417|20658540.097|8181|0|0|0|
3159|1662811877.075120|2022-09-10 14:11:17.07512+02|16384|test|33|641551282|0|2086493|3983601449|853247462|842302396|209858444|199857598|0|0|1|200417280|0|||0|0|131470435.7|76181838.742|20665450.076|8183|0|0|0|
3160|1662811878.090035|2022-09-10 14:11:18.090035+02|16384|test|33|641609546|0|2087292|3984245300|853364240|842419128|209916704|199915858|0|0|1|200417280|0|||0|0|131502458.319|76203223.572|20671857.885|8185|0|0|0|
3161|1662811879.106258|2022-09-10 14:11:19.106258+02|16384|test|33|641671989|0|2087292|3984933771|853489373|842544218|209979143|199978297|0|0|1|200417280|0|||0|0|131534477.009|76224344.785|20678435.995|8187|0|0|0|
3162|1662811880.121846|2022-09-10 14:11:20.121846+02|16384|test|33|641739268|0|2087700|3985676449|853624175|842678980|210046418|200045572|0|0|1|200417280|0|||0|0|131566493.382|76244877.43|20685368.617|8189|0|0|0|
3163|1662811881.137142|2022-09-10 14:11:21.137142+02|16384|test|33|641806676|0|2088086|3986420474|853759231|842814000|210113822|200112976|0|0|1|200417280|0|||0|0|131598511.411|76265438.124|20692274.013|8191|0|0|0|
3164|1662811882.156999|2022-09-10 14:11:22.156999+02|16384|test|33|641873717|0|2088702|3987161209|853893658|842948382|210180859|200180013|0|0|1|200417280|0|||0|0|131630532.907|76286071.764|20699126.594|8193|0|0|0|
3165|1662811883.172886|2022-09-10 14:11:23.172886+02|16384|test|33|641934860|0|2089066|3987835953|854016175|843070871|210241998|200241152|0|0|1|200417280|0|||0|0|131662552.151|76307025.752|20705813.495|8195|0|0|0|
3166|1662811884.188243|2022-09-10 14:11:24.188243+02|16384|test|33|641994603|0|2089308|3988494957|854135914|843190561|210301737|200300891|0|0|1|200417280|0|||0|0|131694569.212|76328416.425|20712251.988|8197|0|0|0|
3167|1662811885.203758|2022-09-10 14:11:25.203758+02|16384|test|33|642061523|0|2089712|3989233457|854270009|843324605|210368653|200367807|0|0|1|200417280|0|||0|0|131726585.347|76348974.178|20719171.001|8199|0|0|0|
3168|1662811886.219537|2022-09-10 14:11:26.219537+02|16384|test|33|642128621|0|2090258|3989974300|854404448|843459005|210435747|200434901|0|0|1|200417280|0|||0|0|131758603.178|76369531.836|20726094.342|8201|0|0|0|
3169|1662811887.234982|2022-09-10 14:11:27.234982+02|16384|test|33|642195750|0|2090704|3990715375|854538953|843593467|210502872|200502026|0|0|1|200417280|0|||0|0|131790619.773|76390142.673|20732964.503|8203|0|0|0|
3170|1662811888.250874|2022-09-10 14:11:28.250874+02|16384|test|33|642262301|0|2091171|3991437661|854668168|843722645|210569419|200568573|0|0|1|200417280|0|||0|0|131822653.463|76410720.087|20739884.536|8205|0|0|0|
3171|1662811889.266684|2022-09-10 14:11:29.266684+02|16384|test|33|642315635|0|2091513|3992038817|854779204|843833645|210622749|200621903|0|0|1|200417280|0|||0|0|131854670.292|76432711.992|20745954.974|8207|0|0|0|
3172|1662811890.282318|2022-09-10 14:11:30.282318+02|16384|test|33|642382985|0|2091797|3992781931|854914160|843968549|210690095|200689249|0|0|1|200417280|0|||0|0|131886686.741|76453268.073|20752865.572|8209|0|0|0|
3173|1662811891.297624|2022-09-10 14:11:31.297624+02|16384|test|33|642450246|0|2092243|3993524519|855048939|844103275|210757352|200756506|0|0|1|200417280|0|||0|0|131918701.817|76473776.494|20759818.385|8211|0|0|0|
3174|1662811892.312869|2022-09-10 14:11:32.312869+02|16384|test|33|642517522|0|2092587|3994266810|855183730|844238031|210824624|200823778|0|0|1|200417280|0|||0|0|131950717.38|76494284.459|20766771.845|8213|0|0|0|
3175|1662811893.327683|2022-09-10 14:11:33.327683+02|16384|test|33|642584743|0|2093053|3995008665|855318430|844372677|210891841|200890995|0|0|1|200417280|0|||0|0|131982731.981|76514799.783|20773720.74|8215|0|0|0|
3176|1662811894.342571|2022-09-10 14:11:34.342571+02|16384|test|33|642637502|0|2093609|3995589613|855424188|844478399|210942954|200943750|0|0|1|200417280|0|||0|0|132014747.929|76537109.101|20779587.555|8217|0|0|0|
3177|1662811895.357275|2022-09-10 14:11:35.357275+02|16384|test|33|642704887|0|2093811|3996310945|855554954|844609131|211009856|201008993|0|0|1|200417280|0|||0|0|132046763.189|76557618.612|20786530.325|8219|0|0|0|
3178|1662811896.372458|2022-09-10 14:11:36.372458+02|16384|test|33|642772221|0|2094319|3997078017|855694117|844748245|211079307|201078461|0|0|1|200417280|0|||0|0|132078781.042|76578166.163|20793452.166|8221|0|0|0|
3179|1662811897.387960|2022-09-10 14:11:37.38796+02|16384|test|33|642839378|0|2094805|3997819445|855828676|844882763|211146460|201145614|0|0|1|200417280|0|||0|0|132110796.703|76598689.663|20800400.327|8223|0|0|0|
3180|1662811898.403336|2022-09-10 14:11:38.403336+02|16384|test|33|642906553|0|2095093|3998561006|855963260|845017317|211213631|201212785|0|0|1|200417280|0|||0|0|132142813.332|76619175.295|20807367.287|8225|0|0|0|
3181|1662811899.418739|2022-09-10 14:11:39.418739+02|16384|test|33|642959750|0|2095618|3999148728|856069888|845123915|211266824|201265978|0|0|1|200417280|0|||0|0|132174830.393|76641052.445|20813526.034|8227|0|0|0|
3182|1662811900.433757|2022-09-10 14:11:40.433757+02|16384|test|33|643027026|0|2095880|3999869277|856200403|845254387|211334096|201331108|0|0|1|200417280|0|||0|0|132206846.186|76661574.687|20820461.303|8229|0|0|0|
3183|1662811901.449586|2022-09-10 14:11:41.449586+02|16384|test|33|643094148|0|2096384|4000631481|856339178|845393119|211401214|201400368|0|0|1|200417280|0|||0|0|132238863.907|76682107.004|20827398.189|8231|0|0|0|
3184|1662811902.465356|2022-09-10 14:11:42.465356+02|16384|test|33|643161134|0|2096908|4001371014|856473495|845527391|211468196|201467350|0|0|1|200417280|0|||0|0|132270880.827|76702661.661|20834320.349|8233|0|0|0|
3185|1662811903.480406|2022-09-10 14:11:43.480406+02|16384|test|33|643228120|0|2097294|4002110455|856607723|845661566|211535178|201534332|0|0|1|200417280|0|||0|0|132302896.633|76723176.244|20841269.125|8235|0|0|0|
3186|1662811904.496386|2022-09-10 14:11:44.496386+02|16384|test|33|643281516|0|2097536|4002699517|856714745|845768562|211588570|201587724|0|0|1|200417280|0|||0|0|132334913.648|76745075.116|20847369.525|8237|0|0|0|
3187|1662811905.511337|2022-09-10 14:11:45.511337+02|16384|test|33|643348905|0|2097982|4003443493|856849773|845903544|211655955|201655109|0|0|1|200417280|0|||0|0|132366930.519|76765625.035|20854280.729|8239|0|0|0|
3188|1662811906.526793|2022-09-10 14:11:46.526793+02|16384|test|33|643416194|0|2098346|4004185961|856984594|846038326|211723240|201722394|0|0|1|200417280|0|||0|0|132398943.503|76786176.259|20861193.971|8241|0|0|0|
3189|1662811907.542406|2022-09-10 14:11:47.542406+02|16384|test|33|643481308|0|2098775|4004892495|857110896|846164598|211788350|201787504|0|0|1|200417280|0|||0|0|132429958.79|76806070.525|20867907.997|8243|0|0|0|
3190|1662811908.557975|2022-09-10 14:11:48.557975+02|16384|test|33|643603961|0|2099605|4006258610|857360633|846414268|211910999|201910153|0|0|1|200417280|0|||0|0|132494983.184|76849223.169|20881130.526|8245|0|0|0|
3191|1662811909.573622|2022-09-10 14:11:49.573622+02|16384|test|33|643671396|0|2100151|4007003171|857495735|846549342|211978430|201977584|0|0|1|200417280|0|||0|0|132527002.197|76869798.952|20888027.661|8247|0|0|0|
3192|1662811910.588806|2022-09-10 14:11:50.588806+02|16384|test|33|643738722|0|2100373|4007745641|857630632|846684198|212045752|202044906|0|0|1|200417280|0|||0|0|132559017.34|76890398.136|20894900.877|8249|0|0|0|
3193|1662811911.603862|2022-09-10 14:11:51.603862+02|16384|test|33|643805461|0|2101121|4008482980|857764362|846817880|212112487|202111641|0|0|1|200417280|0|||0|0|132591030.783|76911075.18|20901732.654|8251|0|0|0|
3194|1662811912.620121|2022-09-10 14:11:52.620121+02|16384|test|33|643872480|0|2101263|4009221970|857898648|846952122|212179502|202178656|0|0|1|200417280|0|||0|0|132623049.116|76931654.227|20908633.535|8253|0|0|0|
3195|1662811913.634865|2022-09-10 14:11:53.634865+02|16384|test|33|643927253|0|2101569|4009816293|858004938|847058378|212234271|202233425|0|0|1|200417280|0|||0|0|132655071.728|76953514.37|20914789.502|8255|0|0|0|
3196|1662811914.649669|2022-09-10 14:11:54.649669+02|16384|test|33|643992585|0|2102255|4010548234|858139337|847192740|212299599|202298753|0|0|1|200417280|0|||0|0|132687088.089|76974365.449|20921510.647|8257|0|0|0|
3197|1662811915.665112|2022-09-10 14:11:55.665112+02|16384|test|33|644060005|0|2102459|4011291961|858274413|847327784|212367015|202366169|0|0|1|200417280|0|||0|0|132719103.842|76994881.096|20928449.521|8259|0|0|0|
3198|1662811916.680496|2022-09-10 14:11:56.680496+02|16384|test|33|644127079|0|2102967|4012032712|858408803|847462136|212434085|202433239|0|0|1|200417280|0|||0|0|132751119.882|77015490.296|20935327.254|8261|0|0|0|
3199|1662811917.695953|2022-09-10 14:11:57.695953+02|16384|test|33|644194354|0|2103311|4012762382|858539375|847592678|212501356|202500510|0|0|1|200417280|0|||0|0|132783133.916|77036037.189|20942244.057|8263|0|0|0|
3200|1662811918.711351|2022-09-10 14:11:58.711351+02|16384|test|33|644252396|0|2103656|4013415789|858659894|847713178|212559394|202558548|0|0|1|200417280|0|||0|0|132815153.508|77057581.782|20948489.845|8265|0|0|0|
3201|1662811919.726441|2022-09-10 14:11:59.726441+02|16384|test|33|644314924|0|2104280|4014106087|858785190|847838438|212621918|202621072|0|0|1|200417280|0|||0|0|132847170.009|77078774.539|20955016.362|8267|0|0|0|
3202|1662811920.741602|2022-09-10 14:12:00.741602+02|16384|test|33|644382297|0|2104502|4014849053|858920175|847973388|212689287|202688441|0|0|1|200417280|0|||0|0|132879185.69|77099305.367|20961945.961|8269|0|0|0|
3203|1662811921.756908|2022-09-10 14:12:01.756908+02|16384|test|33|644449650|0|2104988|4015592636|859055118|848108298|212756636|202755790|0|0|1|200417280|0|||0|0|132911200.964|77119854.293|20968864.799|8271|0|0|0|
3204|1662811922.773560|2022-09-10 14:12:02.77356+02|16384|test|33|644516412|0|2105432|4016329606|859188984|848242122|212823394|202822548|0|0|1|200417280|0|||0|0|132943217.226|77140512.8|20975701.672|8273|0|0|0|
3205|1662811923.788966|2022-09-10 14:12:03.788966+02|16384|test|33|644576846|0|2105880|4016997193|859310078|848363193|212883824|202882978|0|0|1|200417280|0|||0|0|132975238.453|77161638.538|20982266.652|8275|0|0|0|
3206|1662811924.804022|2022-09-10 14:12:04.804022+02|16384|test|33|644636708|0|2106222|4017657604|859430044|848483121|212943682|202942836|0|0|1|200417280|0|||0|0|133007256.021|77183109.024|20988629.188|8277|0|0|0|
3207|1662811925.819504|2022-09-10 14:12:05.819504+02|16384|test|33|644703863|0|2106726|4018398686|859564589|848617635|213010833|203009987|0|0|1|200417280|0|||0|0|133039274.453|77203698.796|20995525.451|8279|0|0|0|
3208|1662811926.835304|2022-09-10 14:12:06.835304+02|16384|test|33|644771207|0|2107110|4019141791|859699527|848752527|213078173|203077327|0|0|1|200417280|0|||0|0|133071290.748|77224242.289|21002449.106|8281|0|0|0|
3209|1662811927.850602|2022-09-10 14:12:07.850602+02|16384|test|33|644838400|0|2107455|4019883230|859834152|848887117|213145362|203144516|0|0|1|200417280|0|||0|0|133103306.601|77244813.346|21009352.217|8283|0|0|0|
3210|1662811928.865340|2022-09-10 14:12:08.86534+02|16384|test|33|644896376|0|2107802|4020499558|859946342|848999279|213199301|203200489|0|0|1|200417280|0|||0|0|133132986.23|77264228.671|21015536.099|8285|0|0|0|
3211|1662811929.880013|2022-09-10 14:12:09.880013+02|16384|test|33|644960495|0|2108149|4021209632|860075206|849128115|213263873|203264803|0|0|1|200417280|0|||0|0|133168075.67|77287894.428|21022444.375|8287|0|0|0|
3212|1662811930.895260|2022-09-10 14:12:10.89526+02|16384|test|33|645025379|0|2108776|4021945870|860208809|849261687|213330269|203331483|0|0|1|200417280|0|||0|0|133199090.714|77307880.003|21029092.741|8289|0|0|0|
3213|1662811931.911113|2022-09-10 14:12:11.911113+02|16384|test|33|645092561|0|2109183|4022687324|860343404|849396255|213397356|203398661|0|0|1|200417280|0|||0|0|133231104.685|77328446.861|21035996.599|8291|0|0|0|
3214|1662811932.926471|2022-09-10 14:12:12.926471+02|16384|test|33|645161980|0|2109427|4023429827|860478198|849531007|213464652|203465980|0|0|1|200417280|0|||0|0|133264121.871|77349680.101|21043096.139|8293|0|0|0|
3215|1662811933.941372|2022-09-10 14:12:13.941372+02|16384|test|33|645228968|0|2109933|4024194864|860616693|849669477|213535906|203535060|0|0|1|200417280|0|||0|0|133296137.738|77370278.517|21049976.43|8295|0|0|0|
3216|1662811934.956784|2022-09-10 14:12:14.956784+02|16384|test|33|645280481|0|2110375|4024751778|860716639|849769395|213585759|203586569|0|0|1|200417280|0|||0|0|133327154.807|77391902.285|21055660.965|8297|0|0|0|
3217|1662811935.972880|2022-09-10 14:12:15.97288+02|16384|test|33|645349612|0|2110721|4025526350|860858444|849911173|213656542|203655696|0|0|1|200417280|0|||0|0|133360170.499|77413111.409|21062794.343|8299|0|0|0|
3218|1662811936.988537|2022-09-10 14:12:16.988537+02|16384|test|33|645416888|0|2111085|4026268629|860993234|850045929|213723814|203722968|0|0|1|200417280|0|||0|0|133392187.791|77433658.515|21069712.029|8301|0|0|0|
3219|1662811938.004154|2022-09-10 14:12:18.004154+02|16384|test|33|645483914|0|2111640|4027009540|861127519|850180185|213790836|203789990|0|0|1|200417280|0|||0|0|133424203.653|77454226.328|21076623.434|8303|0|0|0|
3220|1662811939.018635|2022-09-10 14:12:19.018635+02|16384|test|33|645551177|0|2111948|4027751908|861262279|850314915|213858095|203857249|0|0|1|200417280|0|||0|0|133456220.134|77474779.844|21083535.856|8305|0|0|0|
3221|1662811940.033697|2022-09-10 14:12:20.033697+02|16384|test|33|645603268|0|2112292|4028326936|861366691|850419301|213910182|203909336|0|0|1|200417280|0|||0|0|133488234.247|77497167.221|21089334.886|8307|0|0|0|
3222|1662811941.048736|2022-09-10 14:12:21.048736+02|16384|test|33|645670546|0|2112714|4029069048|861501472|850554061|213977456|203976610|0|0|1|200417280|0|||0|0|133520249.016|77517735.446|21096240.932|8309|0|0|0|
3223|1662811942.063791|2022-09-10 14:12:22.063791+02|16384|test|34|645737650|0|2113220|4029809914|861635921|850688473|214044556|204043710|0|0|1|200417280|0|||0|0|133552264.192|77538280.242|21103166.529|8311|0|0|0|
3224|1662811943.079264|2022-09-10 14:12:23.079264+02|16384|test|34|645803985|0|2113648|4030530263|861764676|850817199|214110887|204110041|0|0|1|200417280|0|||0|0|133584279.962|77559003.238|21109952.623|8313|0|0|0|
3225|1662811944.094662|2022-09-10 14:12:24.094662+02|16384|test|34|645869982|0|2113997|4031273069|861901061|850953545|214176880|204176034|0|0|1|200417280|0|||0|0|133616294.99|77579773.387|21116691.422|8315|0|0|0|
3226|1662811945.110321|2022-09-10 14:12:25.110321+02|16384|test|34|645921699|0|2114345|4031846569|862004726|851057183|214228593|204227747|0|0|1|200417280|0|||0|0|133648310.092|77602002.98|21122594.714|8317|0|0|0|
3227|1662811946.125615|2022-09-10 14:12:26.125615+02|16384|test|34|645987988|0|2114729|4032580898|862137536|851189965|214294878|204294032|0|0|1|200417280|0|||0|0|133680328.01|77622731.026|21129363.692|8319|0|0|0|
3228|1662811947.141302|2022-09-10 14:12:27.141302+02|16384|test|34|646054135|0|2115273|4033313543|862270069|851322463|214361021|204360175|0|0|1|200417280|0|||0|0|133712342.662|77643416.811|21136175.837|8321|0|0|0|
3229|1662811948.156321|2022-09-10 14:12:28.156321+02|16384|test|34|646120315|0|2115718|4034045834|862402649|851455027|214427197|204426351|0|0|1|200417280|0|||0|0|133744356.552|77664061.768|21143027.775|8323|0|0|0|
3230|1662811949.171960|2022-09-10 14:12:29.17196+02|16384|test|34|646186100|0|2116062|4034773618|862534435|851586801|214492978|204492132|0|0|1|200417280|0|||0|0|133776375.443|77684733.919|21149879.217|8325|0|0|0|
3231|1662811950.192716|2022-09-10 14:12:30.192716+02|16384|test|34|646236853|0|2116348|4035337621|862636998|851689279|214543727|204542881|0|0|1|200417280|0|||0|0|133808396.808|77707155.952|21155689.142|8327|0|0|0|
3232|1662811951.215815|2022-09-10 14:12:31.215815+02|16384|test|33|646302558|0|2117409|4036617822|862773207|851823916|214609203|204608361|0|0|1|200417280|0|||0|0|133840419.745|77727724.525|21162603.306|8329|0|0|0|
3233|1662811952.230573|2022-09-10 14:12:32.230573+02|16384|test|33|646369539|0|2117793|4037359793|862907438|851958076|214676180|204675338|0|0|1|200417280|0|||0|0|133872434.905|77748205.152|21169587.626|8331|0|0|0|
3234|1662811953.245075|2022-09-10 14:12:33.245075+02|16384|test|33|646436470|0|2118281|4038100986|863041571|852092142|214743107|204742265|0|0|1|200417280|0|||0|0|133904453.078|77768722.686|21176544.986|8333|0|0|0|
3235|1662811954.260141|2022-09-10 14:12:34.260141+02|16384|test|33|646503718|0|2118443|4038843995|863176322|852226842|214810351|204809509|0|0|1|200417280|0|||0|0|133936469.204|77789229.728|21183495.226|8335|0|0|0|
3236|1662811955.275829|2022-09-10 14:12:35.275829+02|16384|test|33|646556946|0|2118812|4039432495|863283015|852333502|214863575|204862733|0|0|1|200417280|0|||0|0|133968492.47|77811141.642|21189648.76|8337|0|0|0|
3237|1662811956.291824|2022-09-10 14:12:36.291824+02|16384|test|33|646623329|0|2119358|4040166031|863416014|852466472|214929954|204929112|0|0|1|200417280|0|||0|0|134000508.003|77831729.441|21196552.086|8339|0|0|0|
3238|1662811957.307122|2022-09-10 14:12:37.307122+02|16384|test|33|646690622|0|2119640|4040908615|863550827|852601262|214997243|204996401|0|0|1|200417280|0|||0|0|134032525.828|77852290.837|21203454.808|8341|0|0|0|
3239|1662811958.322782|2022-09-10 14:12:38.322782+02|16384|test|33|646755850|0|2119983|4041628748|863681519|852731922|215062467|205061625|0|0|1|200417280|0|||0|0|134063540.597|77872221.47|21210131.325|8343|0|0|0|
3240|1662811959.338541|2022-09-10 14:12:39.338541+02|16384|test|33|646825102|0|2120754|4042394308|863820256|852870630|215131715|205130873|0|0|1|200417280|0|||0|0|134096557.939|77893401.555|21217277.829|8345|0|0|0|
3241|1662811960.353321|2022-09-10 14:12:40.353321+02|16384|test|33|646880628|0|2121056|4043006996|863931536|852981886|215187237|205186395|0|0|1|200417280|0|||0|0|134128579.795|77915055.513|21223515.15|8347|0|0|0|
3242|1662811961.368615|2022-09-10 14:12:41.368615+02|16384|test|33|646944721|0|2121258|4043713948|864059941|853110276|215251326|205250484|0|0|1|200417280|0|||0|0|134160595.388|77935921.341|21230251.659|8349|0|0|0|
3243|1662811962.384123|2022-09-10 14:12:42.384123+02|16384|test|33|647011573|0|2121967|4044452528|864193864|853244184|215318174|205317332|0|0|1|200417280|0|||0|0|134192608.866|77956498.784|21237160.58|8351|0|0|0|
3244|1662811963.399116|2022-09-10 14:12:43.399116+02|16384|test|33|647078797|0|2122189|4045193833|864328525|853378836|215385394|205384552|0|0|1|200417280|0|||0|0|134224625.326|77976992.933|21244123.255|8353|0|0|0|
3245|1662811964.414331|2022-09-10 14:12:44.414331+02|16384|test|33|647145860|0|2122736|4045934240|864462873|853513166|215452453|205451611|0|0|1|200417280|0|||0|0|134256639.407|77997523.034|21251062.377|8355|0|0|0|
3246|1662811965.429495|2022-09-10 14:12:45.429495+02|16384|test|33|647202269|0|2123037|4046549399|864575913|853626188|215508858|205506225|0|0|1|200417280|0|||0|0|134287659.194|78018216.103|21257323.523|8357|0|0|0|
3247|1662811966.445320|2022-09-10 14:12:46.44532+02|16384|test|33|647265386|0|2123502|4047253213|864702361|853752626|215571971|205571129|0|0|1|200417280|0|||0|0|134320675.204|78040208.2|21263975.116|8359|0|0|0|
3248|1662811967.461089|2022-09-10 14:12:47.461089+02|16384|test|33|647332660|0|2123866|4047995479|864837127|853887378|215639241|205638399|0|0|1|200417280|0|||0|0|134352692.574|78060750.9|21270896.965|8361|0|0|0|
3249|1662811968.476878|2022-09-10 14:12:48.476878+02|16384|test|33|647400242|0|2124231|4048741403|864972505|854022746|215706819|205705977|0|0|1|200417280|0|||0|0|134384709.33|78081271.097|21277833.131|8363|0|0|0|
3250|1662811969.492305|2022-09-10 14:12:49.492305+02|16384|test|33|647467612|0|2124600|4049485217|865107463|854157690|215774185|205773343|0|0|1|200417280|0|||0|0|134416725.635|78101801.868|21284768.897|8365|0|0|0|
3251|1662811970.505952|2022-09-10 14:12:50.505952+02|16384|test|33|647529368|0|2124984|4050166750|865231189|854281406|215835937|205835095|0|0|1|200417280|0|||0|0|134448743.984|78122912.913|21291359.896|8367|0|0|0|
3252|1662811971.521154|2022-09-10 14:12:51.521154+02|16384|test|33|647587629|0|2125446|4050809553|865347922|854398132|215894194|205893352|0|0|1|200417280|0|||0|0|134480760.001|78144589.2|21297597.283|8369|0|0|0|
3253|1662811972.536940|2022-09-10 14:12:52.53694+02|16384|test|33|647654936|0|2125890|4051552276|865482756|854532950|215961497|205960655|0|0|1|200417280|0|||0|0|134512778.28|78165125.277|21304525.302|8371|0|0|0|
3254|1662811973.551858|2022-09-10 14:12:53.551858+02|16384|test|33|647722519|0|2126236|4052298203|865618142|854668320|216029076|206028234|0|0|1|200417280|0|||0|0|134544792.448|78185659.424|21311442.587|8373|0|0|0|
3255|1662811974.566716|2022-09-10 14:12:54.566716+02|16384|test|33|647789828|0|2126704|4053041480|865752979|854803142|216096381|206095539|0|0|1|200417280|0|||0|0|134576807.83|78206181.54|21318379.335|8375|0|0|0|
3256|1662811975.587868|2022-09-10 14:12:55.587868+02|16384|test|33|647879895|0|2127430|4054035288|865933333|854983480|216186444|206185602|0|0|1|200417280|0|||0|0|134622899.187|78236497.703|21327893.349|8377|0|0|0|
3257|1662811976.603594|2022-09-10 14:12:56.603594+02|16384|test|33|647977788|0|2127875|4055115009|866129336|855179470|216284333|206283491|0|0|1|200417280|0|||0|0|134672919.926|78269491.222|21338163.686|8379|0|0|0|
3258|1662811977.619024|2022-09-10 14:12:57.619024+02|16384|test|33|648045083|0|2128280|4055857786|866264141|855314264|216351624|206350782|0|0|1|200417280|0|||0|0|134704935.587|78290012.339|21345109.496|8381|0|0|0|
3259|1662811978.634484|2022-09-10 14:12:58.634484+02|16384|test|33|648112127|0|2128832|4056598641|866398440|855448556|216418664|206417822|0|0|1|200417280|0|||0|0|134736951.717|78310533.768|21352053.9|8383|0|0|0|
3260|1662811979.649742|2022-09-10 14:12:59.649742+02|16384|test|33|648179238|0|2129256|4057339171|866532881|855582982|216485771|206484929|0|0|1|200417280|0|||0|0|134768968.715|78331069.191|21358984.156|8385|0|0|0|
3261|1662811980.665137|2022-09-10 14:13:00.665137+02|16384|test|33|648232439|0|2129620|4057926426|866639501|855689588|216538968|206538126|0|0|1|200417280|0|||0|0|134800984.309|78353029.733|21364977.615|8387|0|0|0|
3262|1662811981.680791|2022-09-10 14:13:01.680791+02|16384|test|33|648299623|0|2129904|4058667613|866774078|855824160|216606148|206605306|0|0|1|200417280|0|||0|0|134832999.505|78373596.424|21371879.474|8389|0|0|0|
3263|1662811982.696549|2022-09-10 14:13:02.696549+02|16384|test|33|648366454|0|2130590|4059405589|866907951|855958026|216672975|206672133|0|0|1|200417280|0|||0|0|134865014.741|78394156.747|21378800.706|8391|0|0|0|
3264|1662811983.711707|2022-09-10 14:13:03.711707+02|16384|test|33|648433668|0|2130932|4060146904|867042594|856092658|216740185|206739343|0|0|1|200417280|0|||0|0|134897030.579|78414671.044|21385745.458|8393|0|0|0|
3265|1662811984.727395|2022-09-10 14:13:04.727395+02|16384|test|33|648500707|0|2131338|4060886809|867176882|856226940|216807220|206806378|0|0|1|200417280|0|||0|0|134929046.772|78435218.928|21392666.482|8395|0|0|0|
3266|1662811985.742679|2022-09-10 14:13:05.742679+02|16384|test|33|648552723|0|2131600|4061460681|867281132|856331176|216859232|206858390|0|0|1|200417280|0|||0|0|134961062.361|78457272.896|21398795.43|8397|0|0|0|
3267|1662811986.757542|2022-09-10 14:13:06.757542+02|16384|test|33|648620186|0|2132008|4062205253|867416275|856466306|216926691|206925849|0|0|1|200417280|0|||0|0|134993076.935|78477824.593|21405704.14|8399|0|0|0|
3268|1662811987.773481|2022-09-10 14:13:07.773481+02|16384|test|33|648687451|0|2132519|4062948453|867551019|856601040|216993952|206993110|0|0|1|200417280|0|||0|0|135025092.596|78498378.183|21412620.236|8401|0|0|0|
3269|1662811988.789231|2022-09-10 14:13:08.789231+02|16384|test|33|648754624|0|2132943|4063689654|867685578|856735590|217061121|207060279|0|0|1|200417280|0|||0|0|135057110.31|78518921.474|21419546.78|8403|0|0|0|
3270|1662811989.804663|2022-09-10 14:13:09.804663+02|16384|test|33|648822014|0|2133387|4064433254|867820572|856870574|217128507|207127665|0|0|1|200417280|0|||0|0|135089125.309|78539495.062|21426439.49|8405|0|0|0|
3271|1662811990.820759|2022-09-10 14:13:10.820759+02|16384|test|33|648874585|0|2133569|4065013167|867925932|856975920|217181074|207180232|0|0|1|200417280|0|||0|0|135121142.317|78561752.435|21432314.755|8407|0|0|0|
3272|1662811991.836196|2022-09-10 14:13:11.836196+02|16384|test|33|648942129|0|2133975|4065758581|868061233|857111212|217248614|207247772|0|0|1|200417280|0|||0|0|135153159.143|78582344.193|21439188.297|8409|0|0|0|
3273|1662811992.851748|2022-09-10 14:13:12.851748+02|16384|test|33|649009314|0|2134625|4066500820|868195815|857245786|217315795|207314953|0|0|1|200417280|0|||0|0|135185175.465|78602925.941|21446083.396|8411|0|0|0|
3274|1662811993.866500|2022-09-10 14:13:13.8665+02|16384|test|33|649076917|0|2134849|4067246586|868331234|857381196|217383394|207382552|0|0|1|200417280|0|||0|0|135217192.161|78623433.508|21453027.469|8413|0|0|0|
3275|1662811994.881037|2022-09-10 14:13:14.881037+02|16384|test|33|649144011|0|2135373|4067987001|868465636|857515588|217450484|207449642|0|0|1|200417280|0|||0|0|135249207.429|78644008.481|21459934.213|8415|0|0|0|
3276|1662811995.895260|2022-09-10 14:13:15.89526+02|16384|test|33|649196041|0|2135695|4068561028|868569904|857619852|217502510|207501668|0|0|1|200417280|0|||0|0|135281221.979|78666231.565|21465828.345|8417|0|0|0|
3277|1662811996.910841|2022-09-10 14:13:16.910841+02|16384|test|33|649263176|0|2136281|4069302287|868704390|857754326|217569641|207568799|0|0|1|200417280|0|||0|0|135313238.589|78686774.584|21472753.224|8419|0|0|0|
3278|1662811997.925447|2022-09-10 14:13:17.925447+02|16384|test|33|649330415|0|2136524|4070044005|868839081|857889008|217636876|207636034|0|0|1|200417280|0|||0|0|135345254.857|78707351.886|21479646.714|8421|0|0|0|
3279|1662811998.940357|2022-09-10 14:13:18.940357+02|16384|test|33|649397641|0|2136930|4070785976|868973747|858023664|217704098|207703256|0|0|1|200417280|0|||0|0|135377270.508|78727884.076|21486580.497|8423|0|0|0|
3280|1662811999.955792|2022-09-10 14:13:19.955792+02|16384|test|33|649465037|0|2137374|4071529688|869108754|858158660|217771490|207770648|0|0|1|200417280|0|||0|0|135409286.152|78748433.858|21493494.764|8425|0|0|0|
3281|1662812000.971063|2022-09-10 14:13:20.971063+02|16384|test|33|649519056|0|2137856|4072125778|869217001|858266902|217825505|207824663|0|0|1|200417280|0|||0|0|135441304.569|78770388.422|21499607.658|8427|0|0|0|
3282|1662812001.986674|2022-09-10 14:13:21.986674+02|16384|test|33|649584351|0|2138278|4072846047|869347809|858397696|217890796|207889954|0|0|1|200417280|0|||0|0|135473322.012|78791220.786|21506343.913|8429|0|0|0|
3283|1662812003.002556|2022-09-10 14:13:23.002556+02|16384|test|33|649651639|0|2138640|4073588221|869482608|858532476|217958080|207957238|0|0|1|200417280|0|||0|0|135505337.928|78811795.837|21513241.319|8431|0|0|0|
3284|1662812004.017808|2022-09-10 14:13:24.017808+02|16384|test|33|649719062|0|2138984|4074332129|869617665|858667526|218025499|208024657|0|0|1|200417280|0|||0|0|135537352.834|78832297.934|21520188.614|8433|0|0|0|
3285|1662812005.032894|2022-09-10 14:13:25.032894+02|16384|test|33|649786170|0|2139650|4075073206|869752098|858801946|218092603|208091761|0|0|1|200417280|0|||0|0|135569369.583|78852863.4|21527098.099|8435|0|0|0|
3286|1662812006.048614|2022-09-10 14:13:26.048614+02|16384|test|33|649843517|0|2139932|4075705775|869867001|858916844|218149946|208149104|0|0|1|200417280|0|||0|0|135601391.605|78874439.275|21533430.985|8437|0|0|0|
3287|1662812007.063965|2022-09-10 14:13:27.063965+02|16384|test|33|649905700|0|2140336|4076392013|869991582|859041414|218212125|208211283|0|0|1|200417280|0|||0|0|135633407.562|78895597.225|21539994.104|8439|0|0|0|
3288|1662812008.079046|2022-09-10 14:13:28.079046+02|16384|test|33|649973216|0|2140661|4077137218|870126831|859176650|218279637|208278795|0|0|1|200417280|0|||0|0|135665423.202|78916085.929|21546960.432|8441|0|0|0|
3289|1662812009.094272|2022-09-10 14:13:29.094272+02|16384|test|33|650040583|0|2140985|4077880399|870261781|859311588|218347000|208346158|0|0|1|200417280|0|||0|0|135697440.124|78936572.53|21553927.435|8443|0|0|0|
3290|1662812010.110125|2022-09-10 14:13:30.110125+02|16384|test|33|650107443|0|2141771|4078618854|870395716|859445512|218413856|208413014|0|0|1|200417280|0|||0|0|135729457.087|78957125.005|21560853.733|8445|0|0|0|
3291|1662812011.125617|2022-09-10 14:13:31.125617+02|16384|test|33|650166601|0|2141771|4079270786|870514241|859564032|218473010|208472168|0|0|1|200417280|0|||0|0|135761477.357|78978361.599|21567394.216|8447|0|0|0|
3292|1662812012.141139|2022-09-10 14:13:32.141139+02|16384|test|33|650226076|0|2142277|4079927576|870633408|859683186|218532481|208531639|0|0|1|200417280|0|||0|0|135793491.646|78999895.38|21573706.428|8449|0|0|0|
3293|1662812013.156405|2022-09-10 14:13:33.156405+02|16384|test|33|650293317|0|2142579|4080669109|870768108|859817872|218599718|208598876|0|0|1|200417280|0|||0|0|135825509.159|79020412.828|21580652.374|8451|0|0|0|
3294|1662812014.171449|2022-09-10 14:13:34.171449+02|16384|test|33|650360355|0|2143070|4081409612|870902398|859952152|218666752|208665910|0|0|1|200417280|0|||0|0|135857522.935|79040938.438|21587592.919|8453|0|0|0|
3295|1662812015.186562|2022-09-10 14:13:35.186562+02|16384|test|33|650427186|0|2143494|4082147020|871036271|860086018|218733579|208732737|0|0|1|200417280|0|||0|0|135889539.251|79061513.997|21594502.657|8455|0|0|0|
3296|1662812016.201538|2022-09-10 14:13:36.201538+02|16384|test|33|650486104|0|2143978|4082795367|871154324|860204058|218790504|208791651|0|0|1|200417280|0|||0|0|135919752.672|79081171.045|21600909.732|8457|0|0|0|
3297|1662812017.217274|2022-09-10 14:13:37.217274+02|16384|test|34|650546440|0|2144400|4083463055|871275209|860324934|218852825|208851983|0|0|1|200417280|0|||0|0|135953778.675|79104338.58|21607486.563|8459|0|0|0|
3298|1662812018.233181|2022-09-10 14:13:38.233181+02|16384|test|33|650612770|0|2144925|4084222719|871413665|860461824|218917065|208916195|0|0|1|200417280|0|||0|0|135985793.428|79124866.196|21614430.737|8461|0|0|0|
3299|1662812019.248658|2022-09-10 14:13:39.248658+02|16384|test|33|650677959|0|2145089|4084953230|871544360|860592406|218984332|208983494|0|0|1|200417280|0|||0|0|136016806.854|79144764.688|21621129.198|8463|0|0|0|
3300|1662812020.263892|2022-09-10 14:13:40.263892+02|16384|test|33|650747126|0|2145972|4085717977|871682991|860730944|219053495|209052657|0|0|1|200417280|0|||0|0|136049823.868|79165987.609|21628244.633|8465|0|0|0|
3301|1662812021.279224|2022-09-10 14:13:41.279224+02|16384|test|33|650814544|0|2145972|4086461295|871818101|860865984|219120909|209120071|0|0|1|200417280|0|||0|0|136081838.112|79186451.992|21635217.575|8467|0|0|0|
3302|1662812022.293526|2022-09-10 14:13:42.293526+02|16384|test|33|650864642|0|2146358|4087014901|871918544|860966384|219171003|209170165|0|0|1|200417280|0|||0|0|136112854.649|79208017.594|21640936.362|8469|0|0|0|
3303|1662812023.308611|2022-09-10 14:13:43.308611+02|16384|test|33|650929459|0|2146821|4087728014|872048426|861096222|219233732|209234978|0|0|1|200417280|0|||0|0|136143872.936|79228083.149|21647531.441|8471|0|0|0|
3304|1662812024.324149|2022-09-10 14:13:44.324149+02|16384|test|33|650998538|0|2147203|4088492407|872186853|861234584|219304891|209304053|0|0|1|200417280|0|||0|0|136176892.763|79249395.277|21654582.435|8473|0|0|0|
3305|1662812025.339220|2022-09-10 14:13:45.33922+02|16384|test|33|651067911|0|2147730|4089256258|872325843|861373534|219372177|209373422|0|0|1|200417280|0|||0|0|136209908.359|79270676.176|21661646.882|8475|0|0|0|
3306|1662812026.354364|2022-09-10 14:13:46.354364+02|16384|test|33|651134977|0|2148214|4089998589|872460212|861507870|219441322|209440484|0|0|1|200417280|0|||0|0|136241924.975|79291312.893|21668503.157|8477|0|0|0|
3307|1662812027.369787|2022-09-10 14:13:47.369787+02|16384|test|33|651185847|0|2148637|4090560044|872562175|861609814|219492188|209491350|0|0|1|200417280|0|||0|0|136273941.942|79313712.788|21674332.966|8479|0|0|0|
3308|1662812028.385075|2022-09-10 14:13:48.385075+02|16384|test|33|651253428|0|2148839|4091305709|872697576|861745180|219559765|209558927|0|0|1|200417280|0|||0|0|136305957.226|79334267.695|21681236.749|8481|0|0|0|
3309|1662812029.401159|2022-09-10 14:13:49.401159+02|16384|test|33|651320922|0|2149146|4092050270|872832788|861880372|219627255|209626417|0|0|1|200417280|0|||0|0|136337972.035|79354774.152|21688179.933|8483|0|0|0|
3310|1662812030.416209|2022-09-10 14:13:50.416209+02|16384|test|33|651388132|0|2149712|4092779936|872963257|862010810|219694461|209693623|0|0|1|200417280|0|||0|0|136369989.513|79375347.812|21695076.123|8485|0|0|0|
3311|1662812031.431569|2022-09-10 14:13:51.431569+02|16384|test|33|651455302|0|2150154|4093533461|873102005|862149540|219761627|209760789|0|0|1|200417280|0|||0|0|136402004.611|79395944.741|21701958.165|8487|0|0|0|
3312|1662812032.446888|2022-09-10 14:13:52.446888+02|16384|test|33|651507310|0|2150596|4094107417|873206242|862253760|219813631|209812793|0|0|1|200417280|0|||0|0|136434019.094|79418263.993|21707823.192|8489|0|0|0|
3313|1662812033.461944|2022-09-10 14:13:53.461944+02|16384|test|33|651574812|0|2150921|4094852214|873341474|862388968|219881129|209880291|0|0|1|200417280|0|||0|0|136466032.876|79438858.953|21714686.068|8491|0|0|0|
3314|1662812034.477098|2022-09-10 14:13:54.477098+02|16384|test|33|651642374|0|2151407|4095598039|873476819|862524296|219948687|209947849|0|0|1|200417280|0|||0|0|136498073.875|79459408.917|21721611.083|8493|0|0|0|
3315|1662812035.492811|2022-09-10 14:13:55.492811+02|16384|test|33|651709725|0|2151770|4096340879|873611737|862659202|220016034|210015196|0|0|1|200417280|0|||0|0|136530090.918|79479927.774|21728543.159|8495|0|0|0|
3316|1662812036.508221|2022-09-10 14:13:56.508221+02|16384|test|33|651777198|0|2152074|4097085294|873746904|862794352|220083503|210082665|0|0|1|200417280|0|||0|0|136562105.059|79500480.293|21735445.308|8497|0|0|0|
3317|1662812037.523171|2022-09-10 14:13:57.523171+02|16384|test|33|651828381|0|2152578|4097650498|873849486|862896922|220134682|210133844|0|0|1|200417280|0|||0|0|136594120.836|79523025.818|21741191.514|8499|0|0|0|
3318|1662812038.537927|2022-09-10 14:13:58.537927+02|16384|test|33|651895660|0|2153045|4098393163|873984259|863031684|220201957|210201119|0|0|1|200417280|0|||0|0|136626134.845|79543646.335|21748052.88|8501|0|0|0|
3319|1662812039.553337|2022-09-10 14:13:59.553337+02|16384|test|33|651963195|0|2153331|4099138393|874119543|863166958|220269488|210268650|0|0|1|200417280|0|||0|0|136658149.354|79564172.468|21754979.855|8503|0|0|0|
3320|1662812040.569225|2022-09-10 14:14:00.569225+02|16384|test|33|652030367|0|2153777|4099879931|874254107|863301506|220336656|210335818|0|0|1|200417280|0|||0|0|136690163.802|79584741.674|21761888.219|8505|0|0|0|
3321|1662812041.585086|2022-09-10 14:14:01.585086+02|16384|test|33|652098086|0|2154143|4100614546|874385511|863432888|220404371|210403533|0|0|1|200417280|0|||0|0|136722180.951|79605281.588|21768799.223|8507|0|0|0|
3322|1662812042.599608|2022-09-10 14:14:02.599608+02|16384|test|33|652149821|0|2154447|4101196736|874493457|863540822|220454455|210455264|0|0|1|200417280|0|||0|0|136753198.611|79626688.815|21774627.136|8509|0|0|0|
3323|1662812043.614623|2022-09-10 14:14:03.614623+02|16384|test|33|652283701|0|2155257|4102675478|874761459|863808786|220589978|210589140|0|0|1|200417280|0|||0|0|136818221.298|79668783.124|21788454.551|8511|0|0|0|
3324|1662812044.629656|2022-09-10 14:14:04.629656+02|16384|test|33|652350941|0|2155843|4103417889|874896161|863943470|220657214|210656376|0|0|1|200417280|0|||0|0|136850238.325|79689310.762|21795391.801|8513|0|0|0|
3325|1662812045.644722|2022-09-10 14:14:05.644722+02|16384|test|33|652416374|0|2156249|4104137897|875027248|864074540|220720498|210721805|0|0|1|200417280|0|||0|0|136881252.927|79709225.96|21802079.202|8515|0|0|0|
3326|1662812046.660201|2022-09-10 14:14:06.660201+02|16384|test|33|652473740|0|2156764|4104773200|875142203|864189476|220780005|210779167|0|0|1|200417280|0|||0|0|136914271.302|79731827.243|21808347.234|8517|0|0|0|
3327|1662812047.675112|2022-09-10 14:14:07.675112+02|16384|test|33|652535880|0|2157046|4105458799|875266697|864313960|220842141|210841303|0|0|1|200417280|0|||0|0|136946286.234|79753013.744|21814877.852|8519|0|0|0|
3328|1662812048.690679|2022-09-10 14:14:08.690679+02|16384|test|33|652603186|0|2157370|4106201383|875401534|864448776|220909443|210908605|0|0|1|200417280|0|||0|0|136978302.458|79773581.997|21821775.663|8521|0|0|0|
3329|1662812049.706072|2022-09-10 14:14:09.706072+02|16384|test|33|652670497|0|2157776|4106944354|875536375|864583602|220976750|210975912|0|0|1|200417280|0|||0|0|137010318.791|79794120.788|21828695.008|8523|0|0|0|
3330|1662812050.721527|2022-09-10 14:14:10.721527+02|16384|test|33|652737797|0|2158184|4107687420|875671194|864718406|221044046|211043208|0|0|1|200417280|0|||0|0|137042336.88|79814668.359|21835603.475|8525|0|0|0|
3331|1662812051.736833|2022-09-10 14:14:11.736833+02|16384|test|33|652795709|0|2158554|4108327281|875787239|864834434|221101954|211101116|0|0|1|200417280|0|||0|0|137074354.157|79836082.111|21842059.448|8527|0|0|0|
3332|1662812052.752229|2022-09-10 14:14:12.752229+02|16384|test|33|652856224|0|2158958|4108995014|875908481|864955668|221162465|211161627|0|0|1|200417280|0|||0|0|137106370.878|79857475.362|21848469.978|8529|0|0|0|
3333|1662812053.767794|2022-09-10 14:14:13.767794+02|16384|test|33|652923522|0|2159442|4109737671|876043292|865090468|221229759|211228921|0|0|1|200417280|0|||0|0|137138386.49|79877992.865|21855416.898|8531|0|0|0|
3334|1662812054.782561|2022-09-10 14:14:14.782561+02|16384|test|33|652985998|0|2159846|4110427142|876168456|865215624|221292231|211291393|0|0|1|200417280|0|||0|0|137170403.304|79899469.631|21861741.432|8533|0|0|0|
3335|1662812055.798956|2022-09-10 14:14:15.798956+02|16384|test|33|653049018|0|2160255|4111123136|876294713|865341868|221355247|211354409|0|0|1|200417280|0|||0|0|137202419.48|79920861.01|21868114.987|8535|0|0|0|
3336|1662812056.814298|2022-09-10 14:14:16.814298+02|16384|test|33|653103976|0|2160802|4111730162|876404846|865451988|221410201|211409363|0|0|1|200417280|0|||0|0|137233441.373|79942052.872|21874020.364|8537|0|0|0|
3337|1662812057.829557|2022-09-10 14:14:17.829557+02|16384|test|33|653157575|0|2160984|4112321615|876512264|865559390|221463796|211462958|0|0|1|200417280|0|||0|0|137265458.43|79964491.568|21879787.929|8539|0|0|0|
3338|1662812058.844943|2022-09-10 14:14:18.844943+02|16384|test|33|653222275|0|2161392|4113036038|876641882|865688994|221528492|211527654|0|0|1|200417280|0|||0|0|137298471.972|79986648.596|21886284.827|8541|0|0|0|
3339|1662812059.860526|2022-09-10 14:14:19.860526+02|16384|test|33|653285273|0|2161638|4113731128|876768094|865815194|221591486|211590648|0|0|1|200417280|0|||0|0|137330487.52|80008084.418|21892628.67|8543|0|0|0|
3340|1662812060.875755|2022-09-10 14:14:20.875755+02|16384|test|33|653347890|0|2162060|4114421834|876893538|865940632|221654099|211653261|0|0|1|200417280|0|||0|0|137362502.979|80029575.33|21898934.563|8545|0|0|0|
3341|1662812061.890872|2022-09-10 14:14:21.890872+02|16384|test|33|653409894|0|2162563|4115105912|877017763|866064844|221716099|211715261|0|0|1|200417280|0|||0|0|137394652.986|80051088.166|21905320.067|8547|0|0|0|
3342|1662812062.905870|2022-09-10 14:14:22.90587+02|16384|test|33|653462654|0|2162805|4115687911|877123502|866170568|221768855|211768017|0|0|1|200417280|0|||0|0|137426668.662|80073418.441|21911162.54|8549|0|0|0|
3343|1662812063.921326|2022-09-10 14:14:23.921326+02|16384|test|33|653525418|0|2163191|4116380759|877249249|866296300|221831615|211830777|0|0|1|200417280|0|||0|0|137458683.556|80094888.492|21917477.873|8551|0|0|0|
3344|1662812064.936945|2022-09-10 14:14:24.936945+02|16384|test|33|653588103|0|2163701|4117073051|877374835|866421874|221894296|211893458|0|0|1|200417280|0|||0|0|137490701.672|80116384.868|21923780.651|8553|0|0|0|
3345|1662812065.952402|2022-09-10 14:14:25.952402+02|16384|test|33|653650641|0|2164165|4117763262|877500130|866547154|221956830|211955992|0|0|1|200417280|0|||0|0|137522718.024|80137898.229|21930071.473|8555|0|0|0|
3346|1662812066.967626|2022-09-10 14:14:26.967626+02|16384|test|33|653713634|0|2164471|4118458614|877626341|866673344|222019819|212018981|0|0|1|200417280|0|||0|0|137554735.451|80159305.031|21936436.545|8557|0|0|0|
3347|1662812067.982361|2022-09-10 14:14:27.982361+02|16384|test|33|653761065|0|2164753|4118981996|877721412|866768410|222067246|212066408|0|0|1|200417280|0|||0|0|137586751.267|80182776.988|21941574.414|8559|0|0|0|
3348|1662812068.998189|2022-09-10 14:14:28.998189+02|16384|test|33|653824181|0|2165138|4119678777|877847866|866894846|222130358|212129520|0|0|1|200417280|0|||0|0|137618769.218|80204246.138|21947889.946|8561|0|0|0|
3349|1662812070.013593|2022-09-10 14:14:30.013593+02|16384|test|33|653887009|0|2165682|4120372285|877973743|867020706|222193182|212192344|0|0|1|200417280|0|||0|0|137650785.779|80225747.843|21954185.074|8563|0|0|0|
3350|1662812071.028443|2022-09-10 14:14:31.028443+02|16384|test|33|653949980|0|2165884|4121066713|878099905|867146852|222256149|212255311|0|0|1|200417280|0|||0|0|137682802.608|80247180.16|21960524.201|8565|0|0|0|
3351|1662812072.043318|2022-09-10 14:14:32.043318+02|16384|test|33|654012795|0|2166370|4121760173|878225747|867272686|222318960|212318122|0|0|1|200417280|0|||0|0|137714818.64|80268649.054|21966846.445|8567|0|0|0|
3352|1662812073.058491|2022-09-10 14:14:33.058491+02|16384|test|33|654060965|0|2166774|4122292068|878322303|867369230|222367126|212366288|0|0|1|200417280|0|||0|0|137746843.609|80291607.182|21972310.856|8569|0|0|0|
3353|1662812074.074113|2022-09-10 14:14:34.074113+02|16384|test|33|654123937|0|2166996|4122986501|878448464|867495378|222430094|212429256|0|0|1|200417280|0|||0|0|137778858.955|80313013.374|21978673.884|8571|0|0|0|
3354|1662812075.089576|2022-09-10 14:14:35.089576+02|16384|test|33|654186803|0|2167442|4123680578|878574416|867621314|222492956|212492118|0|0|1|200417280|0|||0|0|137810877.167|80334437.364|21985022.55|8573|0|0|0|
3355|1662812076.105373|2022-09-10 14:14:36.105373+02|16384|test|33|654249691|0|2167808|4124374859|878700406|867747294|222555840|212555002|0|0|1|200417280|0|||0|0|137842893.8|80355900.503|21991349.889|8575|0|0|0|
3356|1662812077.120437|2022-09-10 14:14:37.120437+02|16384|test|34|654312707|0|2168274|4125070601|878826665|867873530|222618852|212618014|0|0|1|200417280|0|||0|0|137874908.457|80377308.08|21997714.659|8577|0|0|0|
3357|1662812078.135084|2022-09-10 14:14:38.135084+02|16384|test|33|654364020|0|2168516|4125670871|878931342|867976898|222670157|212669323|0|0|1|200417280|0|||0|0|137906924.993|80399637.652|22003519.21|8579|0|0|0|
3358|1662812079.150572|2022-09-10 14:14:39.150572+02|16384|test|33|654426869|0|2169021|4126365211|879057332|868102800|222733002|212732168|0|0|1|200417280|0|||0|0|137938940.842|80421094.632|22009846.687|8581|0|0|0|
3359|1662812080.166289|2022-09-10 14:14:40.166289+02|16384|test|33|654489881|0|2169347|4127047044|879179621|868225028|222794010|212795176|0|0|1|200417280|0|||0|0|137970955.752|80442503.582|22016208.856|8583|0|0|0|
3360|1662812081.181818|2022-09-10 14:14:41.181818+02|16384|test|33|654552725|0|2169773|4127755069|879309560|868354920|222858850|212858016|0|0|1|200417280|0|||0|0|138002972.395|80463933.34|22022564.885|8585|0|0|0|
3361|1662812082.196933|2022-09-10 14:14:42.196933+02|16384|test|33|654615663|0|2170117|4128449815|879435684|868481000|222921784|212920950|0|0|1|200417280|0|||0|0|138034987.385|80485381.093|22028903.244|8587|0|0|0|
3362|1662812083.211675|2022-09-10 14:14:43.211675+02|16384|test|33|654663583|0|2170523|4128979259|879531753|868577044|222969700|212968866|0|0|1|200417280|0|||0|0|138067008.28|80508414.268|22034298.948|8589|0|0|0|
3363|1662812084.224816|2022-09-10 14:14:44.224816+02|16384|test|33|654725712|0|2170845|4129664748|879656258|868701506|223031825|213030991|0|0|1|200417280|0|||0|0|138099021.417|80529960.629|22040577.648|8591|0|0|0|
3364|1662812085.240084|2022-09-10 14:14:45.240084+02|16384|test|33|654788670|0|2171247|4130349622|879782416|868827626|223092809|213092001|0|0|1|200417280|0|||0|0|138131039.246|80551421.925|22046909.482|8593|0|0|0|
3365|1662812086.255230|2022-09-10 14:14:46.25523+02|16384|test|33|654851354|0|2171693|4131051519|879908010|868953198|223157459|213156625|0|0|1|200417280|0|||0|0|138163054.612|80572962.629|22053184.364|8595|0|0|0|
3366|1662812087.270610|2022-09-10 14:14:47.27061+02|16384|test|33|654914293|0|2172137|4131746141|880034114|869079280|223220394|213219560|0|0|1|200417280|0|||0|0|138195071.066|80594398.917|22059530.435|8597|0|0|0|
3367|1662812088.285156|2022-09-10 14:14:48.285156+02|16384|test|33|654964886|0|2172741|4132303361|880135524|869180670|223269387|213270149|0|0|1|200417280|0|||0|0|138227087.529|80617509.209|22064882.209|8599|0|0|0|
3368|1662812089.300320|2022-09-10 14:14:49.30032+02|16384|test|33|655028115|0|2172741|4133001874|880262210|869307332|223334208|213333374|0|0|1|200417280|0|||0|0|138260524.504|80640092.936|22071392.365|8601|0|0|0|
3369|1662812090.315327|2022-09-10 14:14:50.315327+02|16384|test|33|655090585|0|2172967|4133677091|880383200|869428302|223394587|213395840|0|0|1|200417280|0|||0|0|138292182.861|80661296.472|22077651.084|8603|0|0|0|
3370|1662812091.330898|2022-09-10 14:14:51.330898+02|16384|test|33|655155217|0|2173575|4134392925|880512711|869557796|223461302|213460468|0|0|1|200417280|0|||0|0|138324901.038|80683226.001|22084109.49|8605|0|0|0|
3371|1662812092.365813|2022-09-10 14:14:52.365813+02|16384|test|33|655221630|0|2174121|4135138652|880649916|869694974|223527711|213526877|0|0|1|200417280|0|||0|0|138358783.039|80706025.046|22090731.485|8607|0|0|0|
3372|1662812093.380724|2022-09-10 14:14:53.380724+02|16384|test|33|655272757|0|2174444|4135686206|880748995|869794040|223578834|213576335|0|0|1|200417280|0|||0|0|138389802.839|80727551.099|22096449.095|8609|0|0|0|
3373|1662812094.396299|2022-09-10 14:14:54.396299+02|16384|test|33|655334336|0|2174787|4136370920|880871966|869916996|223640409|213639575|0|0|1|200417280|0|||0|0|138422820.328|80750054.171|22102744.125|8611|0|0|0|
3374|1662812095.411361|2022-09-10 14:14:55.411361+02|16384|test|33|655397097|0|2175233|4137063746|880997705|870042710|223703166|213702332|0|0|1|200417280|0|||0|0|138454836.359|80771526.948|22109069.036|8613|0|0|0|
3375|1662812096.426455|2022-09-10 14:14:56.426455+02|16384|test|33|655460094|0|2175577|4137770335|881127730|870172718|223766159|213765325|0|0|1|200417280|0|||0|0|138486850.051|80792992.709|22115378.593|8615|0|0|0|
3376|1662812097.442454|2022-09-10 14:14:57.442454+02|16384|test|33|655522619|0|2176003|4138460644|881252995|870297972|223828680|213827846|0|0|1|200417280|0|||0|0|138518867.745|80814505.065|22121669.581|8617|0|0|0|
3377|1662812098.458147|2022-09-10 14:14:58.458147+02|16384|test|33|655575846|0|2176289|4139048280|881359670|870404630|223881903|213881069|0|0|1|200417280|0|||0|0|138550887.793|80836923.85|22127448.169|8619|0|0|0|
3378|1662812099.468776|2022-09-10 14:14:59.468776+02|16384|test|33|655632426|0|2176691|4139654879|881469517|870514466|223938479|213935872|0|0|1|200417280|0|||0|0|138582901.905|80859021.712|22133425.535|8621|0|0|0|
3379|1662812100.479914|2022-09-10 14:15:00.479914+02|16384|test|33|655695423|0|2177116|4140367814|881599258|870644192|224001472|214000638|0|0|1|200417280|0|||0|0|138614915.361|80880515.365|22139717.44|8623|0|0|0|
3380|1662812101.494914|2022-09-10 14:15:01.494914+02|16384|test|33|655757794|0|2177560|4141056416|881724217|870769138|224063839|214063005|0|0|1|200417280|0|||0|0|138646930.159|80902026.814|22146014.538|8625|0|0|0|
3381|1662812102.510177|2022-09-10 14:15:02.510177+02|16384|test|33|655820426|0|2177763|4141747345|881849701|870894606|224126467|214125633|0|0|1|200417280|0|||0|0|138678946.699|80923561.892|22152282.399|8627|0|0|0|
3382|1662812103.525897|2022-09-10 14:15:03.525897+02|16384|test|33|655879613|0|2178212|4142401029|881968299|871013184|224185650|214184816|0|0|1|200417280|0|||0|0|138711426.097|80945930.65|22158349.73|8629|0|0|0|
3383|1662812104.540724|2022-09-10 14:15:04.540724+02|16384|test|33|655937037|0|2178714|4143034699|882083365|871128236|224243070|214242236|0|0|1|200417280|0|||0|0|138743442.697|80967841.647|22164414.519|8631|0|0|0|
3384|1662812105.555470|2022-09-10 14:15:05.55547+02|16384|test|33|655999978|0|2178956|4143728835|882209463|871254322|224306007|214305173|0|0|1|200417280|0|||0|0|138775458.777|80989242.657|22170788.79|8633|0|0|0|
3385|1662812106.570192|2022-09-10 14:15:06.570192+02|16384|test|33|656062737|0|2179462|4144421775|882335202|871380044|224368762|214367928|0|0|1|200417280|0|||0|0|138807473.123|81010654.174|22177159.188|8635|0|0|0|
3386|1662812107.585750|2022-09-10 14:15:07.58575+02|16384|test|33|656125423|0|2179847|4145113544|882460798|871505620|224431444|214430610|0|0|1|200417280|0|||0|0|138839491.134|81032113.137|22183495.175|8637|0|0|0|
3387|1662812108.601492|2022-09-10 14:15:08.601492+02|16384|test|33|656184115|0|2180109|4145761020|882578408|871623208|224490132|214489298|0|0|1|200417280|0|||0|0|138871511.791|81053948.495|22189630.662|8639|0|0|0|
3388|1662812109.617124|2022-09-10 14:15:09.617124+02|16384|test|33|656234727|0|2180434|4146319719|882679854|871724636|224540740|214539906|0|0|1|200417280|0|||0|0|138903528.415|81076884.467|22195106.666|8641|0|0|0|
3389|1662812110.632867|2022-09-10 14:15:10.632867+02|16384|test|33|656297634|0|2180857|4147013770|882805890|871850654|224603643|214602809|0|0|1|200417280|0|||0|0|138935546.238|81098291.303|22201478.277|8643|0|0|0|
3390|1662812111.648563|2022-09-10 14:15:11.648563+02|16384|test|33|656360436|0|2181244|4147699309|882931709|871976462|224666441|214663656|0|0|1|200417280|0|||0|0|138967561.044|81119728.442|22207824.068|8645|0|0|0|
3391|1662812112.663919|2022-09-10 14:15:12.663919+02|16384|test|33|656421193|0|2181807|4148375685|883053443|872098180|224725239|214726360|0|0|1|200417280|0|||0|0|138998576.287|81140549.337|22213932.116|8647|0|0|0|
3392|1662812113.678005|2022-09-10 14:15:13.678005+02|16384|test|33|656485955|0|2182090|4149092003|883183181|872227908|224791952|214791118|0|0|1|200417280|0|||0|0|139031591.178|81162696.505|22220440.758|8649|0|0|0|
3393|1662812114.688476|2022-09-10 14:15:14.688476+02|16384|test|33|656533346|0|2182374|4149615108|883278185|872322894|224839339|214838505|0|0|1|200417280|0|||0|0|139063710.195|81185751.443|22225893.868|8651|0|0|0|
3394|1662812115.699011|2022-09-10 14:15:15.699011+02|16384|test|33|656596898|0|2182736|4150316386|883405509|872450202|224902887|214902053|0|0|1|200417280|0|||0|0|139096055.634|81207456.291|22232269.91|8653|0|0|0|
3395|1662812116.710783|2022-09-10 14:15:16.710783+02|16384|test|33|656660524|0|2183402|4151018838|883532979|872577658|224966509|214965675|0|0|1|200417280|0|||0|0|139128437.191|81229159.788|22238674.509|8655|0|0|0|
3396|1662812117.726049|2022-09-10 14:15:17.726049+02|16384|test|33|656724111|0|2183730|4151718921|883660376|872705036|225028169|215029258|0|0|1|200417280|0|||0|0|139160795.594|81250805.527|22245109.555|8657|0|0|0|
3397|1662812118.741806|2022-09-10 14:15:18.741806+02|16384|test|33|656788853|0|2184072|4152414424|883785979|872830622|225094830|215091923|0|0|1|200417280|0|||0|0|139193735.797|81272897.896|22251605.237|8659|0|0|0|
3398|1662812119.757502|2022-09-10 14:15:19.757502+02|16384|test|33|656839579|0|2184336|4152994889|883891754|872936380|225145552|215144718|0|0|1|200417280|0|||0|0|139225753.969|81295316.177|22257433.551|8661|0|0|0|
3399|1662812120.773173|2022-09-10 14:15:20.773173+02|16384|test|33|656902477|0|2184722|4153681429|884017769|873062380|225208446|215205663|0|0|1|200417280|0|||0|0|139257770.577|81316714.124|22263816.526|8663|0|0|0|
3400|1662812121.788903|2022-09-10 14:15:21.788903+02|16384|test|33|656963421|0|2185112|4154350553|884135952|873180546|225269386|215268552|0|0|1|200417280|0|||0|0|139288787.437|81337512.981|22269937.32|8665|0|0|0|
3401|1662812122.804440|2022-09-10 14:15:22.80444+02|16384|test|33|657028334|0|2185539|4155067184|884265933|873310514|225334295|215333461|0|0|1|200417280|0|||0|0|139321804.534|81359638.201|22276469.07|8667|0|0|0|
3402|1662812123.818861|2022-09-10 14:15:23.818861+02|16384|test|33|657091029|0|2185983|4155771076|884395529|873440096|225396986|215396152|0|0|1|200417280|0|||0|0|139353818.91|81381130.051|22282770.47|8669|0|0|0|
3403|1662812124.834004|2022-09-10 14:15:24.834004+02|16384|test|33|657198129|0|2186589|4156950538|884609961|873654500|225502153|215503248|0|0|1|200417280|0|||0|0|139416841.724|81425245.961|22294137.999|8671|0|0|0|
3404|1662812125.849618|2022-09-10 14:15:25.849618+02|16384|test|33|657262836|0|2187053|4157666689|884739599|873784118|225568785|215567951|0|0|1|200417280|0|||0|0|139449858.509|81447368.049|22300678.187|8673|0|0|0|
3405|1662812126.865007|2022-09-10 14:15:26.865007+02|16384|test|33|657325477|0|2187619|4158358397|884865101|873909604|225631422|215630588|0|0|1|200417280|0|||0|0|139481876.825|81468859.469|22306985.318|8675|0|0|0|
3406|1662812127.880368|2022-09-10 14:15:27.880368+02|16384|test|33|657388382|0|2187963|4159052494|884991129|874035618|225694323|215693489|0|0|1|200417280|0|||0|0|139513895.74|81490319.539|22313316.328|8677|0|0|0|
3407|1662812128.895309|2022-09-10 14:15:28.895309+02|16384|test|33|657440451|0|2188165|4159626849|885095485|874139960|225746388|215745554|0|0|1|200417280|0|||0|0|139545913.572|81512456.039|22319215.144|8679|0|0|0|
3408|1662812129.906544|2022-09-10 14:15:29.906544+02|16384|test|33|657501232|0|2188709|4160297783|885217269|874261726|225807165|215806331|0|0|1|200417280|0|||0|0|139576926.775|81533288.585|22325311.513|8681|0|0|0|
3409|1662812130.917375|2022-09-10 14:15:30.917375+02|16384|test|33|657565989|0|2189035|4161012584|885347005|874391444|225871918|215871084|0|0|1|200417280|0|||0|0|139609938.38|81555394.195|22331855.241|8683|0|0|0|
3410|1662812131.929518|2022-09-10 14:15:31.929518+02|16384|test|33|657629103|0|2189420|4161697413|885469486|874513910|225935028|215934194|0|0|1|200417280|0|||0|0|139641951.744|81576831.754|22338189.568|8685|0|0|0|
3411|1662812132.944167|2022-09-10 14:15:32.944167+02|16384|test|33|657691766|0|2189846|4162401088|885598994|874643406|225997687|215996853|0|0|1|200417280|0|||0|0|139673968.115|81598301.012|22344515.918|8687|0|0|0|
3412|1662812133.959538|2022-09-10 14:15:33.959538+02|16384|test|33|657738715|0|2190010|4162919237|885693112|874737508|226044632|216043798|0|0|1|200417280|0|||0|0|139705989.835|81621330.289|22349974.782|8689|0|0|0|
3413|1662812134.974638|2022-09-10 14:15:34.974638+02|16384|test|33|657801265|0|2190500|4163596782|885814604|874858986|226105265|216106344|0|0|1|200417280|0|||0|0|139738003.648|81642828.341|22356272.108|8691|0|0|0|
3414|1662812135.989567|2022-09-10 14:15:35.989567+02|16384|test|33|657864003|0|2190942|4164302332|885944125|874988492|226169912|216169078|0|0|1|200417280|0|||0|0|139770019.206|81664297.974|22362596.654|8693|0|0|0|
3415|1662812137.005059|2022-09-10 14:15:37.005059+02|16384|test|33|657925059|0|2191366|4164976103|886066451|875110808|226230964|216230130|0|0|1|200417280|0|||0|0|139801035.826|81685100.389|22368716.999|8695|0|0|0|
3416|1662812138.020837|2022-09-10 14:15:38.020837+02|16384|test|33|657989469|0|2191630|4165709893|886193490|875236427|226295366|216294536|0|0|1|200417280|0|||0|0|139834054.692|81707186.047|22375281.992|8697|0|0|0|
3417|1662812139.035324|2022-09-10 14:15:39.035324+02|16384|test|33|658042397|0|2192274|4166306777|886303576|875346430|226348290|216347460|0|0|1|200417280|0|||0|0|139866077.23|81729934.786|22380863.652|8699|0|0|0|
3418|1662812140.050748|2022-09-10 14:15:40.050748+02|16384|test|33|658099818|0|2192317|4166940246|886418690|875461476|226405707|216404877|0|0|1|200417280|0|||0|0|139898092.99|81751995.511|22386849.484|8701|0|0|0|
3419|1662812141.066087|2022-09-10 14:15:41.066087+02|16384|test|33|658162686|0|2192721|4167634387|886544698|875587416|226468571|216467741|0|0|1|200417280|0|||0|0|139930110.13|81773506.031|22393140.401|8703|0|0|0|
3420|1662812142.080639|2022-09-10 14:15:42.080639+02|16384|test|33|658225457|0|2193208|4168327775|886670504|875713162|226531338|216530508|0|0|1|200417280|0|||0|0|139962125.565|81794996.262|22399446.882|8705|0|0|0|
3421|1662812143.096595|2022-09-10 14:15:43.096595+02|16384|test|33|658286550|0|2193533|4168974639|886785057|875827668|226588524|216591597|0|0|1|200417280|0|||0|0|139993239.725|81815881.821|22405576.249|8707|0|0|0|
3422|1662812144.110898|2022-09-10 14:15:44.110898+02|16384|test|33|658345840|0|2193897|4169655103|886911784|875954336|226649926|216650883|0|0|1|200417280|0|||0|0|140026261.737|81838207.878|22411972.741|8709|0|0|0|
3423|1662812145.122130|2022-09-10 14:15:45.12213+02|16384|test|33|658397823|0|2194361|4170227380|887015980|876058506|226700181|216702862|0|0|1|200417280|0|||0|0|140056274.84|81859355.548|22417271.567|8711|0|0|0|
3424|1662812146.133878|2022-09-10 14:15:46.133878+02|16384|test|33|658464098|0|2194785|4170962463|887148767|876191260|226769963|216769133|0|0|1|200417280|0|||0|0|140090290.278|81882310.861|22423890.332|8713|0|0|0|
3425|1662812147.147770|2022-09-10 14:15:47.14777+02|16384|test|33|658524825|0|2195269|4171630803|887270451|876312918|226828723|216829856|0|0|1|200417280|0|||0|0|140121308.681|81903155.335|22429988.271|8715|0|0|0|
3426|1662812148.162455|2022-09-10 14:15:48.162455+02|16384|test|33|658589699|0|2195511|4172348399|887400439|876442870|226895556|216894726|0|0|1|200417280|0|||0|0|140154323.781|81925345.671|22436466.206|8717|0|0|0|
3427|1662812149.177864|2022-09-10 14:15:49.177864+02|16384|test|33|658644741|0|2195878|4172956260|887510753|876553158|226950594|216949764|0|0|1|200417280|0|||0|0|140186351.509|81947558.385|22442351.52|8719|0|0|0|
3428|1662812150.193205|2022-09-10 14:15:50.193205+02|16384|test|33|658696937|0|2196180|4173532157|887615370|876657754|227002786|217001956|0|0|1|200417280|0|||0|0|140218367.946|81970382.816|22447868.988|8721|0|0|0|
3429|1662812151.208593|2022-09-10 14:15:51.208593+02|16384|test|33|658759789|0|2196544|4174191966|887733338|876775700|227063699|217062825|0|0|1|200417280|0|||0|0|140250383.405|81991849.55|22454198.415|8723|0|0|0|
3430|1662812152.223909|2022-09-10 14:15:52.223909+02|16384|test|33|658822801|0|2196975|4174921881|887867548|876909890|227128642|217127812|0|0|1|200417280|0|||0|0|140282397.907|82013342.304|22460504.139|8725|0|0|0|
3431|1662812153.239062|2022-09-10 14:15:53.239062+02|16384|test|33|658885521|0|2197321|4175614258|887993213|877035534|227191358|217190528|0|0|1|200417280|0|||0|0|140314416.758|82034811.134|22466834.698|8727|0|0|0|
3432|1662812154.254264|2022-09-10 14:15:54.254264+02|16384|test|33|658940387|0|2197686|4176218214|888103170|877145470|227244407|217245390|0|0|1|200417280|0|||0|0|140345004.226|82055481.555|22472769.676|8729|0|0|0|
3433|1662812155.269370|2022-09-10 14:15:55.26937+02|16384|test|33|658995805|0|2198107|4176829790|888214222|877256510|227299890|217300804|0|0|1|200417280|0|||0|0|140377037.754|82077611.601|22478736.77|8731|0|0|0|
3434|1662812156.284320|2022-09-10 14:15:56.28432+02|16384|test|33|659058310|0|2198535|4177521635|888339452|877381724|227364135|217363305|0|0|1|200417280|0|||0|0|140409074.789|82099187.551|22485011.925|8733|0|0|0|
3435|1662812157.299882|2022-09-10 14:15:57.299882+02|16384|test|33|659124899|0|2198839|4178256357|888472850|877515106|227430720|217429890|0|0|1|200417280|0|||0|0|140443090.721|82122034.524|22491702.271|8735|0|0|0|
3436|1662812158.314661|2022-09-10 14:15:58.314661+02|16384|test|33|659185225|0|2199363|4178922222|888593721|877635962|227491042|217490212|0|0|1|200417280|0|||0|0|140474106.221|82142978.021|22497729.083|8737|0|0|0|
3437|1662812159.330276|2022-09-10 14:15:59.330276+02|16384|test|33|659244055|0|2199669|4179569554|888711598|877753826|227547870|217549038|0|0|1|200417280|0|||0|0|140504120.368|82163107.41|22503652.796|8739|0|0|0|
3438|1662812160.342579|2022-09-10 14:16:00.342579+02|16384|test|33|659291196|0|2199955|4180092370|888806093|877848312|227597005|217596175|0|0|1|200417280|0|||0|0|140539134.722|82189210.139|22509000.563|8741|0|0|0|
3439|1662812161.358676|2022-09-10 14:16:01.358676+02|16384|test|33|659353849|0|2200337|4180783471|888931616|877973822|227659654|217658824|0|0|1|200417280|0|||0|0|140571151.764|82210742.862|22515275.059|8743|0|0|0|
3440|1662812162.374385|2022-09-10 14:16:02.374385+02|16384|test|33|659416663|0|2200703|4181474913|889057464|878099654|227720526|217721634|0|0|1|200417280|0|||0|0|140603167.124|82232265.785|22521550.031|8745|0|0|0|
3441|1662812163.389013|2022-09-10 14:16:03.389013+02|16384|test|33|659479225|0|2201129|4182167417|889182810|878224982|227785022|217784192|0|0|1|200417280|0|||0|0|140635183.145|82253817.807|22527819.204|8747|0|0|0|
3442|1662812164.403652|2022-09-10 14:16:04.403652+02|16384|test|33|659541782|0|2201516|4182858269|889308146|878350300|227847575|217846745|0|0|1|200417280|0|||0|0|140667196.661|82275330.664|22534089.449|8749|0|0|0|
3443|1662812165.417652|2022-09-10 14:16:05.417652+02|16384|test|33|659591115|0|2202040|4183403103|889407026|878449170|227896904|217896074|0|0|1|200417280|0|||0|0|140699212.376|82297978.754|22539700.8|8751|0|0|0|
3444|1662812166.431835|2022-09-10 14:16:06.431835+02|16384|test|33|659649860|0|2202242|4184047172|889524739|878566864|227951748|217954815|0|0|1|200417280|0|||0|0|140729229.715|82318173.767|22545581.357|8753|0|0|0|
3445|1662812167.447131|2022-09-10 14:16:07.447131+02|16384|test|33|659716579|0|2202732|4184787717|889658401|878700506|228022360|218021530|0|0|1|200417280|0|||0|0|140763246.38|82341011.568|22552279.581|8755|0|0|0|
3446|1662812168.462883|2022-09-10 14:16:08.462883+02|16384|test|33|659779096|0|2203181|4185478127|889783662|878825744|228084873|218084043|0|0|1|200417280|0|||0|0|140795262.455|82362513.157|22558590.631|8757|0|0|0|
3447|1662812169.478149|2022-09-10 14:16:09.478149+02|16384|test|33|659841476|0|2203545|4186166481|889908645|878950708|228147249|218146419|0|0|1|200417280|0|||0|0|140827277.215|82384049.785|22564873.357|8759|0|0|0|
3448|1662812170.493527|2022-09-10 14:16:10.493527+02|16384|test|33|659886355|0|2203987|4186661888|889998615|879040670|228192124|218191294|0|0|1|200417280|0|||0|0|140859292.189|82407405.781|22570064.345|8761|0|0|0|
3449|1662812171.508597|2022-09-10 14:16:11.508597+02|16384|test|33|659949026|0|2204269|4187353117|890124177|879166216|228254791|218253961|0|0|1|200417280|0|||0|0|140891305.907|82428812.291|22576441.191|8763|0|0|0|
3450|1662812172.523833|2022-09-10 14:16:12.523833+02|16384|test|33|660011696|0|2204693|4188044767|890249743|879291760|228317457|218316627|0|0|1|200417280|0|||0|0|140923318.775|82450325.455|22582731.149|8765|0|0|0|
3451|1662812173.538137|2022-09-10 14:16:13.538137+02|16384|test|33|660074107|0|2205057|4188733453|890374778|879416786|228379864|218379034|0|0|1|200417280|0|||0|0|140955333.666|82471833.745|22589035.664|8767|0|0|0|
3452|1662812174.552762|2022-09-10 14:16:14.552762+02|16384|test|33|660136482|0|2205441|4189421796|890499757|879541740|228442235|218441405|0|0|1|200417280|0|||0|0|140987350.266|82493327.525|22595349.266|8769|0|0|0|
3453|1662812175.567847|2022-09-10 14:16:15.567847+02|16384|test|33|660181360|0|2205584|4189917157|890589729|879631700|228487109|218486279|0|0|1|200417280|0|||0|0|141019370.748|82516877.208|22600462.964|8771|0|0|0|
3454|1662812176.583954|2022-09-10 14:16:16.583954+02|16384|test|33|660240899|0|2205993|4190572707|890709028|879750982|228544688|218545814|0|0|1|200417280|0|||0|0|141050468.614|82537913.092|22606497.061|8773|0|0|0|
3455|1662812177.599041|2022-09-10 14:16:17.599041+02|16384|test|33|660310015|0|2206559|4191311153|890839306|879881234|228613686|218614926|0|0|1|200417280|0|||0|0|141085857.206|82561631.693|22613508.236|8775|0|0|0|
3456|1662812178.613857|2022-09-10 14:16:18.613857+02|16384|test|33|660373236|0|2206801|4191986006|890961861|880003778|228674914|218676112|0|0|1|200417280|0|||0|0|141118047.199|82583183.85|22619886.503|8777|0|0|0|
3457|1662812179.629083|2022-09-10 14:16:19.629083+02|16384|test|33|660430226|0|2206965|4192608655|891075963|880117862|228733952|218731097|0|0|1|200417280|0|||0|0|141147098.898|82602644.307|22625632.089|8779|0|0|0|
3458|1662812180.643464|2022-09-10 14:16:20.643464+02|16384|test|33|660490281|0|2207693|4193316700|891205618|880247496|228794456|218795180|0|0|1|200417280|0|||0|0|141184299.427|82628759.265|22632257.529|8781|0|0|0|
3459|1662812181.658984|2022-09-10 14:16:21.658984+02|16384|test|33|660555314|0|2207982|4194033220|891334911|880376772|228861039|218860209|0|0|1|200417280|0|||0|0|141216316.557|82649643.688|22638946.709|8783|0|0|0|
3460|1662812182.674730|2022-09-10 14:16:22.67473+02|16384|test|33|660620494|0|2208227|4194760349|891469547|880511396|228921947|218925385|0|0|1|200417280|0|||0|0|141247331.756|82669584.87|22645614.108|8785|0|0|0|
3461|1662812183.689914|2022-09-10 14:16:23.689914+02|16384|test|33|660689771|0|2208810|4195529125|891608335|880650154|228995488|218994658|0|0|1|200417280|0|||0|0|141280345.678|82690781.353|22652745.542|8787|0|0|0|
3462|1662812184.704366|2022-09-10 14:16:24.704366+02|16384|test|33|660756970|0|2209240|4196271120|891742958|880784756|229062683|219061853|0|0|1|200417280|0|||0|0|141312363.178|82711336.3|22659661.274|8789|0|0|0|
3463|1662812185.719041|2022-09-10 14:16:25.719041+02|16384|test|33|660808514|0|2209603|4196839915|891846266|880888048|229114223|219113393|0|0|1|200417280|0|||0|0|141344381.157|82733715.064|22665476.61|8791|0|0|0|
3464|1662812186.734458|2022-09-10 14:16:26.734458+02|16384|test|33|660873499|0|2210117|4197554751|891976457|881018222|229177065|219178374|0|0|1|200417280|0|||0|0|141375395.933|82753685.763|22672133.364|8793|0|0|0|
3465|1662812187.749692|2022-09-10 14:16:27.749692+02|16384|test|33|660942836|0|2210445|4198301265|892111124|881152866|229248537|219245594|0|0|1|200417280|0|||0|0|141408413.838|82774911.311|22679232.8|8795|0|0|0|
3466|1662812188.764664|2022-09-10 14:16:28.764664+02|16384|test|33|661010315|0|2210909|4199050027|892250537|881292262|229316012|219310927|0|0|1|200417280|0|||0|0|141440428.165|82795434.319|22686163.867|8797|0|0|0|
3467|1662812189.779671|2022-09-10 14:16:29.779671+02|16384|test|33|661077699|0|2211317|4199787822|892381297|881423008|229381248|219380487|0|0|1|200417280|0|||0|0|141472440.899|82815944.66|22693104.596|8799|0|0|0|
3468|1662812190.795371|2022-09-10 14:16:30.795371+02|16384|test|33|661130645|0|2211623|4200395790|892491633|881533330|229436334|219435504|0|0|1|200417280|0|||0|0|141503470.433|82837203.859|22699020.196|8801|0|0|0|
3469|1662812191.811126|2022-09-10 14:16:31.811126+02|16384|test|33|661197340|0|2212051|4201132078|892625239|881666924|229503025|219502195|0|0|1|200417280|0|||0|0|141536485.526|82858780.267|22705911.366|8803|0|0|0|
3470|1662812192.826671|2022-09-10 14:16:32.826671+02|16384|test|33|661264340|0|2212659|4201871847|892759468|881801128|229570021|219569191|0|0|1|200417280|0|||0|0|141568500.239|82879360.686|22712805.353|8805|0|0|0|
3471|1662812193.842495|2022-09-10 14:16:33.842495+02|16384|test|33|661331552|0|2213023|4202613443|892894112|881935756|229637229|219636399|0|0|1|200417280|0|||0|0|141600517.103|82899920.654|22719725.448|8807|0|0|0|
3472|1662812194.857089|2022-09-10 14:16:34.857089+02|16384|test|33|661398794|0|2213469|4203355647|893028817|882070444|229704467|219703637|0|0|1|200417280|0|||0|0|141632534.452|82920480.337|22726628.267|8809|0|0|0|
3473|1662812195.871142|2022-09-10 14:16:35.871142+02|16384|test|33|661453591|0|2213752|4203960440|893138628|882180242|229759260|219758430|0|0|1|200417280|0|||0|0|141663557.66|82941397.579|22732740.9|8811|0|0|0|
3474|1662812196.886995|2022-09-10 14:16:36.886995+02|16384|test|33|661515512|0|2214136|4204630243|893258854|882300456|229819251|219820347|0|0|1|200417280|0|||0|0|141695574.984|82962661.132|22739210.708|8813|0|0|0|
3475|1662812197.902059|2022-09-10 14:16:37.902059+02|16384|test|34|661584607|0|2214620|4205406169|893401103|882442682|229890268|219889438|0|0|1|200417280|0|||0|0|141728593.883|82983925.599|22746296.691|8815|0|0|0|
3476|1662812198.917919|2022-09-10 14:16:38.917919+02|16384|test|34|661650324|0|2215144|4206141521|893534413|882574704|229955981|219955151|0|0|1|200417280|0|||0|0|141760610.247|83004526.267|22753186.192|8817|0|0|0|
3477|1662812199.933244|2022-09-10 14:16:39.933244+02|16384|test|33|661715904|0|2227320|4206956733|893673240|882706581|230019452|220020731|0|0|1|200417280|0|||0|0|141792625.805|83025250.125|22759976.538|8819|0|0|0|
3478|1662812200.946504|2022-09-10 14:16:40.946504+02|16384|test|33|661775711|0|2227624|4207617352|893793942|882826400|230081354|220078667|0|0|1|200417280|0|||0|0|141824642.455|83046557.934|22766448.18|8821|0|0|0|
3479|1662812201.961490|2022-09-10 14:16:41.96149+02|16384|test|33|661834896|0|2228008|4208282504|893913177|882944974|230140535|220139715|0|0|1|200417280|0|||0|0|141856660.315|83068215.393|22772673.936|8823|0|0|0|
3480|1662812202.976177|2022-09-10 14:16:42.976177+02|16384|test|33|661902033|0|2228552|4209027392|894048265|883079452|230207668|220206848|0|0|1|200417280|0|||0|0|141888675.432|83088818.149|22779552.861|8825|0|0|0|
3481|1662812203.990954|2022-09-10 14:16:43.990954+02|16384|test|33|661969163|0|2229096|4209760668|894183231|883213916|230272648|220271853|0|0|1|200417280|0|||0|0|141920689.189|83109423.647|22786425.043|8827|0|0|0|
3482|1662812205.006860|2022-09-10 14:16:45.00686+02|16384|test|33|662036607|0|2229258|4210517920|894318790|883349008|230342234|220341414|0|0|1|200417280|0|||0|0|141952704.496|83129902.243|22793397.547|8829|0|0|0|
3483|1662812206.023291|2022-09-10 14:16:46.023291+02|16384|test|33|662101076|0|2229903|4211232101|894448321|883478150|230406699|220405879|0|0|1|200417280|0|||0|0|141985303.549|83151178.941|22800228.292|8831|0|0|0|
3484|1662812207.038909|2022-09-10 14:16:47.038909+02|16384|test|33|662192363|0|2230306|4212228696|894627356|883656768|230497982|220497162|0|0|1|200417280|0|||0|0|142034324.858|83184231.77|22809859.684|8833|0|0|0|
3485|1662812208.054553|2022-09-10 14:16:48.054553+02|16384|test|33|662259738|0|2230770|4212985920|894766715|883795882|230565353|220564533|0|0|1|200417280|0|||0|0|142066341.632|83204801.735|22816765.795|8835|0|0|0|
3486|1662812209.070177|2022-09-10 14:16:49.070177+02|16384|test|33|662358589|0|2231315|4214077893|894964938|883993788|230664200|220663380|0|0|1|200417280|0|||0|0|142113361.718|83234964.651|22826939.071|8837|0|0|0|
3487|1662812210.085057|2022-09-10 14:16:50.085057+02|16384|test|33|662425738|0|2231763|4214820343|895099647|884128290|230731345|220730525|0|0|1|200417280|0|||0|0|142145377.234|83255473.616|22833893.988|8839|0|0|0|
3488|1662812211.105255|2022-09-10 14:16:51.105255+02|16384|test|33|662476903|0|2232249|4215385957|895202319|884230824|230782506|220781686|0|0|1|200417280|0|||0|0|142177395.134|83277975.54|22839611.136|8841|0|0|0|
3489|1662812212.120962|2022-09-10 14:16:52.120962+02|16384|test|33|662544261|0|2232533|4216129854|895337425|884365744|230849860|220849040|0|0|1|200417280|0|||0|0|142209411.147|83298537.956|22846520.284|8843|0|0|0|
3490|1662812213.136411|2022-09-10 14:16:53.136411+02|16384|test|33|662611652|0|2233117|4216874147|895472541|884500730|230917247|220916427|0|0|1|200417280|0|||0|0|142241426.895|83319137.225|22853397.165|8845|0|0|0|
3491|1662812214.152251|2022-09-10 14:16:54.152251+02|16384|test|33|662679017|0|2233419|4217617535|895607601|884635664|230984608|220983788|0|0|1|200417280|0|||0|0|142273442.107|83339660.103|22860340.511|8847|0|0|0|
3492|1662812215.168044|2022-09-10 14:16:55.168044+02|16384|test|33|662746276|0|2233908|4218348048|895738264|884766202|231051863|221051043|0|0|1|200417280|0|||0|0|142305457.791|83360243.929|22867242.072|8849|0|0|0|
3493|1662812216.183353|2022-09-10 14:16:56.183353+02|16384|test|33|662797734|0|2234152|4218927128|895845655|884873506|231101689|221102497|0|0|1|200417280|0|||0|0|142337473.444|83382660.012|22873066.556|8851|0|0|0|
3494|1662812217.198633|2022-09-10 14:16:57.198633+02|16384|test|33|662865014|0|2234536|4219671475|895980521|885008270|231170593|221169773|0|0|1|200417280|0|||0|0|142369488.717|83403209.909|22879992.942|8853|0|0|0|
3495|1662812218.213422|2022-09-10 14:16:58.213422+02|16384|test|33|662932555|0|2235104|4220417614|896115911|885143556|231238130|221237310|0|0|1|200417280|0|||0|0|142401504.058|83423736.898|22886922.117|8855|0|0|0|
3496|1662812219.229246|2022-09-10 14:16:59.229246+02|16384|test|33|663000250|0|2235451|4221164964|896251613|885279150|231305821|221305001|0|0|1|200417280|0|||0|0|142433521.513|83444237.057|22893866.132|8857|0|0|0|
3497|1662812220.244033|2022-09-10 14:17:00.244033+02|16384|test|33|663067374|0|2235917|4221906158|896386165|885413602|231372941|221372121|0|0|1|200417280|0|||0|0|142465536.059|83464841.982|22900742.837|8859|0|0|0|
3498|1662812221.259775|2022-09-10 14:17:01.259775+02|16384|test|33|663119372|0|2236221|4222480255|896490446|885517802|231424935|221424115|0|0|1|200417280|0|||0|0|142497551.027|83487258.733|22906523.63|8861|0|0|0|
3499|1662812222.275578|2022-09-10 14:17:02.275578+02|16384|test|33|663186856|0|2236707|4223225350|896625701|885652974|231492415|221491595|0|0|1|200417280|0|||0|0|142529566.904|83507837.589|22913413.553|8863|0|0|0|
3500|1662812223.291170|2022-09-10 14:17:03.29117+02|16384|test|33|663252221|0|2237397|4223947569|896756709|885783908|231557776|221556956|0|0|1|200417280|0|||0|0|142560582.39|83527681.837|22920160.913|8865|0|0|0|
3501|1662812224.306717|2022-09-10 14:17:04.306717+02|16384|test|33|663321715|0|2237397|4224713870|896896002|885923100|231627266|221626446|0|0|1|200417280|0|||0|0|142593599.396|83548912.703|22927259|8867|0|0|0|
3502|1662812225.322630|2022-09-10 14:17:05.32263+02|16384|test|33|663389001|0|2237909|4225455203|897030864|886057876|231692401|221693728|0|0|1|200417280|0|||0|0|142625615.785|83569480.574|22934165.667|8869|0|0|0|
3503|1662812226.336967|2022-09-10 14:17:06.336967+02|16384|test|33|663439165|0|2238217|4226011671|897131459|886158408|231744708|221743888|0|0|1|200417280|0|||0|0|142656631.396|83591217.793|22939752.263|8871|0|0|0|
3504|1662812227.351579|2022-09-10 14:17:07.351579+02|16384|test|33|663507734|0|2239045|4226769425|897268901|886295750|231813273|221812453|0|0|1|200417280|0|||0|0|142689648.615|83612560.515|22946788.16|8873|0|0|0|
3505|1662812228.366890|2022-09-10 14:17:08.36689+02|16384|test|33|663575511|0|2239045|4227516431|897404749|886431508|231881046|221880226|0|0|1|200417280|0|||0|0|142721664.438|83633034.418|22953747.286|8875|0|0|0|
3506|1662812229.381738|2022-09-10 14:17:09.381738+02|16384|test|33|663642945|0|2239631|4228261039|897539883|886566580|231948476|221947656|0|0|1|200417280|0|||0|0|142753679.183|83653568.048|22960680.556|8877|0|0|0|
3507|1662812230.397331|2022-09-10 14:17:10.397331+02|16384|test|33|663708162|0|2239975|4228980802|897670612|886697218|232013689|222012869|0|0|1|200417280|0|||0|0|142784693.662|83673464.329|22967394.207|8879|0|0|0|
3508|1662812231.412734|2022-09-10 14:17:11.412734+02|16384|test|33|663761663|0|2240237|4229560920|897774483|886801022|232067186|222066366|0|0|1|200417280|0|||0|0|142816722.914|83695625.402|22973336.443|8881|0|0|0|
3509|1662812232.427425|2022-09-10 14:17:12.427425+02|16384|test|33|663827693|0|2240802|4230300260|897910219|886936688|232133212|222132392|0|0|1|200417280|0|||0|0|142848737.991|83716439.578|22980059.437|8883|0|0|0|
3510|1662812233.442871|2022-09-10 14:17:13.442871+02|16384|test|33|663897078|0|2241167|4231066024|898049295|887075662|232202593|222201773|0|0|1|200417280|0|||0|0|142881754.2|83737688.735|22987149.678|8885|0|0|0|
3511|1662812234.457701|2022-09-10 14:17:14.457701+02|16384|test|33|663964605|0|2241531|4231811240|898184626|887210920|232270116|222269296|0|0|1|200417280|0|||0|0|142913769.487|83758231.375|22994069.722|8887|0|0|0|
3512|1662812235.472803|2022-09-10 14:17:15.472803+02|16384|test|33|664031790|0|2242056|4232553065|898319280|887345494|232337297|222336477|0|0|1|200417280|0|||0|0|142945783.369|83778866.398|23000919.057|8889|0|0|0|
3513|1662812236.487925|2022-09-10 14:17:16.487925+02|16384|test|33|664087909|0|2242543|4233172940|898431775|887457936|232393412|222392592|0|0|1|200417280|0|||0|0|142977804.935|83800734.902|23007035.503|8891|0|0|0|
3514|1662812237.503044|2022-09-10 14:17:17.503044+02|16384|test|33|664151019|0|2242787|4233869348|898558281|887584360|232456518|222455698|0|0|1|200417280|0|||0|0|143009824.442|83821904.621|23013556.044|8893|0|0|0|
3515|1662812238.518337|2022-09-10 14:17:18.518337+02|16384|test|33|664218480|0|2243293|4234614167|898693487|887719486|232523975|222523155|0|0|1|200417280|0|||0|0|143041840.108|83842420.019|23020500.305|8895|0|0|0|
3516|1662812239.533714|2022-09-10 14:17:19.533714+02|16384|test|33|664285630|0|2243715|4235355032|898828075|887853990|232591121|222590301|0|0|1|200417280|0|||0|0|143073856.025|83863036.945|23027374.839|8897|0|0|0|
3517|1662812240.548661|2022-09-10 14:17:20.548661+02|16384|test|33|664352340|0|2244157|4236091050|898961785|887987614|232657827|222657007|0|0|1|200417280|0|||0|0|143105871.799|83883680.601|23034238.936|8899|0|0|0|
3518|1662812241.563579|2022-09-10 14:17:21.563579+02|16384|test|33|664411299|0|2244421|4236741754|899079986|888105736|232716782|222715962|0|0|1|200417280|0|||0|0|143137890.658|83905145.843|23040601.921|8901|0|0|0|
3519|1662812242.578648|2022-09-10 14:17:22.578648+02|16384|test|33|664471284|0|2245125|4237404061|899200227|888225910|232776763|222775943|0|0|1|200417280|0|||0|0|143169906.244|83926645.352|23046938.335|8903|0|0|0|
3520|1662812243.594303|2022-09-10 14:17:23.594303+02|16384|test|33|664538535|0|2245387|4238146007|899335011|888360616|232844010|222843190|0|0|1|200417280|0|||0|0|143201925.816|83947230.02|23053836.515|8905|0|0|0|
3521|1662812244.608874|2022-09-10 14:17:24.608874+02|16384|test|33|664605403|0|2245829|4238883731|899469028|888494556|232910874|222910054|0|0|1|200417280|0|||0|0|143233940.204|83967817.43|23060738.885|8907|0|0|0|
3522|1662812245.624311|2022-09-10 14:17:25.624311+02|16384|test|33|664672939|0|2246197|4239629406|899604385|888629832|232978406|222977586|0|0|1|200417280|0|||0|0|143265956.567|83988345.537|23067670.373|8909|0|0|0|
3523|1662812246.639160|2022-09-10 14:17:26.63916+02|16384|test|33|664734275|0|2246459|4240306044|899727322|888752708|233039738|223038918|0|0|1|200417280|0|||0|0|143297993.29|84009526.701|23074235.53|8911|0|0|0|
3524|1662812247.655029|2022-09-10 14:17:27.655029+02|16384|test|33|664790381|0|2246861|4240925188|899839809|888865124|233095840|223095020|0|0|1|200417280|0|||0|0|143330008.792|84031573.438|23080228.346|8913|0|0|0|
3525|1662812248.671002|2022-09-10 14:17:28.671002+02|16384|test|33|664857705|0|2247245|4241668087|899974731|888999976|233163160|223162340|0|0|1|200417280|0|||0|0|143362026.414|84052084.913|23087179.263|8915|0|0|0|
3526|1662812249.686261|2022-09-10 14:17:29.686261+02|16384|test|33|664925020|0|2247651|4242411215|900109636|889134810|233230471|223229651|0|0|1|200417280|0|||0|0|143394042.343|84072575.263|23094146.525|8917|0|0|0|
3527|1662812250.701955|2022-09-10 14:17:30.701955+02|16384|test|33|664992021|0|2248195|4243150828|900243917|889269016|233297468|223296648|0|0|1|200417280|0|||0|0|143426057.006|84093132.579|23101071.259|8919|0|0|0|
3528|1662812251.717589|2022-09-10 14:17:31.717589+02|16384|test|33|665058490|0|2248659|4243884446|900377123|889402158|233363933|223363113|0|0|1|200417280|0|||0|0|143458073.07|84113555.718|23108066.151|8921|0|0|0|
3529|1662812252.732925|2022-09-10 14:17:32.732925+02|16384|test|33|665109903|0|2248961|4244451765|900480198|889505188|233415342|223414522|0|0|1|200417280|0|||0|0|143490089.088|84136010.031|23113838.748|8923|0|0|0|
3530|1662812253.747930|2022-09-10 14:17:33.74793+02|16384|test|33|665177166|0|2249365|4245193996|900615005|889639918|233482601|223481781|0|0|1|200417280|0|||0|0|143522103.372|84156557.31|23120756.86|8925|0|0|0|
3531|1662812254.763322|2022-09-10 14:17:34.763322+02|16384|test|33|665244502|0|2249809|4245937150|900749943|889774794|233549933|223549113|0|0|1|200417280|0|||0|0|143554118.746|84177106.769|23127673.168|8927|0|0|0|
3532|1662812255.779302|2022-09-10 14:17:35.779302+02|16384|test|33|665311773|0|2250096|4246679847|900884760|889909540|233617200|223616380|0|0|1|200417280|0|||0|0|143586135.848|84197596.746|23134636.65|8929|0|0|0|
3533|1662812256.794546|2022-09-10 14:17:36.794546+02|16384|test|33|665378972|0|2250684|4247422098|901019430|890044142|233684395|223683575|0|0|1|200417280|0|||0|0|143618152.35|84218121.73|23141580.453|8931|0|0|0|
3534|1662812257.810358|2022-09-10 14:17:37.810358+02|16384|test|33|665429020|0|2251106|4248004766|901120821|890144596|233734435|223733619|0|0|1|200417280|0|||0|0|143650168.672|84240793.404|23147224.48|8933|0|0|0|
3535|1662812258.825278|2022-09-10 14:17:38.825278+02|16384|test|33|665495574|0|2251268|4248747241|901255645|890278292|233800985|223800169|0|0|1|200417280|0|||0|0|143682182.242|84261296.882|23154184.571|8935|0|0|0|
3536|1662812259.840795|2022-09-10 14:17:39.840795+02|16384|test|33|665562600|0|2252056|4249488737|901390098|890412548|233868007|223867191|0|0|1|200417280|0|||0|0|143714198.402|84281898.13|23161067.387|8937|0|0|0|
3537|1662812260.855789|2022-09-10 14:17:40.855789+02|16384|test|33|665630110|0|2252138|4250233864|901525504|890547772|233935513|223934697|0|0|1|200417280|0|||0|0|143746214.659|84302360.725|23168057.839|8939|0|0|0|
3538|1662812261.871578|2022-09-10 14:17:41.871578+02|16384|test|33|665697245|0|2252666|4250975926|901660135|890682246|234002644|224001828|0|0|1|200417280|0|||0|0|143778229.613|84322855.51|23175027.615|8941|0|0|0|
3539|1662812262.887200|2022-09-10 14:17:42.8872+02|16384|test|33|665746655|0|2252988|4251521598|901759264|890781270|234052050|224051234|0|0|1|200417280|0|||0|0|143810246.071|84345622.171|23180604.697|8943|0|0|0|
3540|1662812263.902529|2022-09-10 14:17:43.902529+02|16384|test|33|665814041|0|2253310|4252265228|901894353|890916246|234119432|224118616|0|0|1|200417280|0|||0|0|143842260.937|84366168.895|23187520.72|8945|0|0|0|
3541|1662812264.918785|2022-09-10 14:17:44.918785+02|16384|test|33|665881261|0|2253836|4253007609|902029089|891050890|234186648|224185832|0|0|1|200417280|0|||0|0|143874279.607|84386729.676|23194436.639|8947|0|0|0|
3542|1662812265.934484|2022-09-10 14:17:45.934484+02|16384|test|33|665948388|0|2254239|4253748599|902163633|891185348|234253771|224252955|0|0|1|200417280|0|||0|0|143906297.326|84407309.892|23201336.552|8949|0|0|0|
3543|1662812266.949180|2022-09-10 14:17:46.94918+02|16384|test|33|666015511|0|2254665|4254489781|902298172|891319798|234320890|224320074|0|0|1|200417280|0|||0|0|143938313.689|84427818.648|23208295.253|8951|0|0|0|
3544|1662812267.964436|2022-09-10 14:17:47.964436+02|16384|test|33|666065263|0|2254909|4255039034|902397937|891419506|234370638|224369822|0|0|1|200417280|0|||0|0|143970329.307|84450615.415|23213874.18|8953|0|0|0|
3545|1662812268.980180|2022-09-10 14:17:48.98018+02|16384|test|33|666132463|0|2255377|4255781099|902532633|891554110|234437834|224437018|0|0|1|200417280|0|||0|0|144002348.474|84471230.731|23220742.974|8955|0|0|0|
3546|1662812270.026435|2022-09-10 14:17:50.026435+02|16384|test|1|666251435|0|2256105|4257094091|902770925|891792258|234556802|224555986|0|0|1|200417280|0|||0|0|144058921.375|84507633.013|23232894.599|8957|0|0|0|
